45700,'075f4276790e1e273655',839,,463,15,0,19 20 21,0,370,,464,15,0,19 20 21,0,300,,465,15,0,19 20 21,0
45700,'1e386a27476c5b6e1461',725,,470,1,0,5 22 23 24,0
45700,'2f16807a52596335736c',839,,466,15,0,19 20 21,0,370,,467,15,0,19 20 21,0,300,,468,15,0,19 20 21,0
45701,'0428793f447876305975',1752,,471,7,0,63 64,0
45701,'075f4276790e1e273655',1009,,472,7,0,63 64,0,320,,473,7,0,63 64,0,423,,474,7,0,63 64,0
45701,'2f16807a52596335736c',1009,,475,7,0,63 64,0,320,,476,7,0,63 64,0
45701,'31744f7e5638320a2d4c',1237,,477,7,0,36 27 31 37,0,4,,478,6,4,,0
45701,'3c2a73256541336f410c',1752,,481,7,0,36 27 31 37,0
45701,'416039027b4e59137846',1752,,479,8,0,36 27 31 37,0
45701,'59737b0d0f044b52693e',1752,,482,7,0,63 64,0
