45401,'075f4276790e1e273655',753,,416,9,0,28 22 14 15,0,458,,417,9,0,28 22 14 15,0,500,,415,9,0,28 22 14 15,0
45401,'0e5131610429337c0530',631,,418,8,0,28 29 30 31 20 32,0
45401,'184134507f4517151633',709,,420,8,0,28 22 14 15,0,539,,419,8,0,28 22 14 15,0
45401,'1e386a27476c5b6e1461',709,,437,8,0,28 22 14 15,0,1102,,436,10,0,28 29 30 31 20 32,0
45401,'1e7832711c690d2e452a',1248,,430,8,0,28 22 14 15,0
45401,'2f16807a52596335736c',833,,421,8,0,28 22 14 15,0
45401,'31744f7e5638320a2d4c',1254,,422,10,0,28 22 14 15,0
45401,'320823102b697f311363',753,,425,8,0,28 22 14 15,0,458,,423,8,0,28 22 14 15,0,500,,424,8,0,28 22 14 15,0
45401,'416039027b4e59137846',1816,,427,10,0,28 29 30 31 20 32,0
45401,'59737b0d0f044b52693e',1801,,431,8,0,28 29 30 31 20 32,0
45401,'71472061383531535e0f',1423,,428,8,0,28 22 14 15,0,188,,429,8,0,28 22 14 15,0
45401,'7c40501f37807a467b28',709,,434,9,0,28 22 14 15,0,502,,435,9,0,28 22 14 15,0,192,,432,8,0,28 22 14 15,0,208,,433,9,0,28 22 14 15,0
