45001,'075f4276790e1e273655',1055,,280,3,0,47 14 15,0,470,,281,4,0,47 14 15,0,285,,283,4,0,47 14 15,0
45001,'0c4d4a5702287833722f',1018,,287,3,0,47 14 15,0,507,,285,3,0,47 14 15,0,400,,286,3,0,47 14 15,0
45001,'1c2e3625233d01453772',745,,290,3,0,47 14 15,0,475,,288,3,0,47 14 15,0,695,,289,4,0,47 14 15,0
45001,'1f5759673f12020b0a50',720,,292,3,0,47 14 15,0,580,,291,3,0,47 14 15,0
45001,'20705f6f6c1d470f2a10',1055,,294,3,0,47 14 15,0,470,,295,4,0,47 14 15,0,400,,297,4,0,47 14 15,0
45001,'31744f7e5638320a2d4c',1205,,298,3,0,47 14 15,0
45001,'320823102b697f311363',1018,,301,3,0,47 14 15,0,507,,299,3,0,47 14 15,0,285,,300,3,0,47 14 15,0
45001,'3823594e52252d7f6b14',810,,303,3,0,47 14 15,0,490,,302,3,0,47 14 15,0
45001,'494a652c1e455e3d7c72',1125,,304,3,0,47 14 15,0,295,,305,3,0,47 14 15,0,310,,306,4,0,47 14 15,0
45001,'553d275f1455102c362a',1655,,307,3,0,47 14 15,0
45001,'59737b0d0f044b52693e',635,,308,3,0,47 14 15,0
45001,'7c40501f37807a467b28',1055,,309,3,0,47 14 15,0,365,,310,4,0,47 14 15,0,220,,311,4,0,47 14 15,0
45001,'7f443a14596255477616',610,,313,3,0,47 14 15,0,20,,314,3,0,47 73 74,0,14,,312,4,0,47 60 61 62,0
