45100,'0d4e3278231744213640',1242,,315,13,0,28 12 38,0,400,,316,13,0,28 12 38,0,295,,317,12,0,28 12 38,0
45100,'184134507f4517151633',857,,319,12,0,28 12 38,0
45100,'1e386a27476c5b6e1461',722,,338,12,0,39 6 40 41,0,10,,339,12,0,39 6 40 41,0,2,,340,12,0,39 6 40 41,0,83,,341,13,0,28 42 43,0,40,,342,13,0,28 42 43,0,180,,333,12,0,28 12 38,0,205,,334,13,0,28 12 38,0,400,,335,13,0,28 12 38,0,100,,336,13,0,28 12 38,0,100,,337,13,0,28 12 38,0
45100,'1e7832711c690d2e452a',1802,,328,13,0,28 12 38,0
45100,'2f16807a52596335736c',1437,,320,12,0,28 12 38,0
45100,'31744f7e5638320a2d4c',1342,,321,12,0,28 12 38,0
45100,'320823102b697f311363',847,,322,12,0,28 12 38,0
45100,'34470046707605410b09',747,,326,12,0,28 12 38,0,391,,323,12,0,28 12 38,0,299,,324,12,0,28 12 38,0,280,,325,12,0,28 12 38,0
45100,'59737b0d0f044b52693e',747,,331,12,0,28 12 38,0,391,,329,12,0,28 12 38,0,579,,330,12,0,28 12 38,0
45100,'71472061383531535e0f',1547,,327,12,0,28 12 38,0
45100,'720e2d0f476223047d12',1547,,332,12,0,28 12 38,0
45300,'2f16807a52596335736c',703,,381,9,0,47 48 49,0,325,,382,9,0,47 48 49,0,280,,383,9,0,47 48 49,0,310,,384,9,0,47 48 49,0
