45100,'0d4e3278231744213640',1246,,315,16,0,28 12 38,0,400,,316,15,0,28 12 38,0,295,,317,14,0,28 12 38,0
45100,'184134507f4517151633',901,,319,14,0,28 12 38,0
45100,'1c2e3625233d01453772',1441,,320,14,0,28 12 38,0
45100,'22206a5130474f051002',751,,64,14,0,28 12 38,0,390,,61,14,0,28 12 38,0,300,,62,14,0,28 12 38,0,280,,63,14,0,28 12 38,0
45100,'31744f7e5638320a2d4c',1346,,321,14,0,28 12 38,0
45100,'320823102b697f311363',851,,322,14,0,28 12 38,0
45100,'34470046707605410b09',751,,326,14,0,28 12 38,0,390,,323,14,0,28 12 38,0,300,,324,14,0,28 12 38,0,280,,325,14,0,28 12 38,0
45100,'39416a4548121b3b4e21',1441,,80,14,0,28 12 38,0
45100,'494a652c1e455e3d7c72',1551,,327,14,0,28 12 38,0
45100,'553d275f1455102c362a',1806,,328,16,0,28 12 38,0
45100,'59737b0d0f044b52693e',751,,331,14,0,28 12 38,0,390,,329,14,0,28 12 38,0,580,,330,14,0,28 12 38,0
45100,'5a622e2f735638475e4f',751,,68,14,0,28 12 38,0,390,,66,14,0,28 12 38,0,580,,67,14,0,28 12 38,0
45100,'720e2d0f476223047d12',1551,,332,14,0,28 12 38,0
45100,'7f443a14596255477616',726,,338,15,0,39 6 40 41,0,10,,339,15,0,39 6 40 41,0,2,,340,14,0,39 6 40 41,0,83,,341,15,0,28 42 43,0,80,,342,15,0,28 42 43,0,140,,333,14,0,28 12 38,0,205,,334,16,0,28 12 38,0,400,,335,15,0,28 12 38,0,100,,336,16,0,28 12 38,0,100,,337,16,0,28 12 38,0
45101,'02070559307629202a09',1804,,84,2,0,44 14 45 46,0
45101,'06693a797f7b73176b39',1829,,343,3,0,44 14 45 46,0
45101,'075f4276790e1e273655',1804,,344,2,0,44 14 45 46,0
45101,'0d4e3278231744213640',704,,346,2,0,44 14 45 46,0,600,,345,2,0,44 14 45 46,0,415,,347,2,0,44 14 45 46,0
45101,'184134507f4517151633',1644,,348,3,0,44 14 45 46,0,165,,349,3,0,44 14 45 46,0
45101,'1c2e3625233d01453772',924,,351,2,0,44 14 45 46,0,595,,350,2,0,44 14 45 46,0
45101,'1f5759673f12020b0a50',924,,352,2,0,44 14 45 46,0
45101,'22206a5130474f051002',1219,,82,2,0,44 14 45 46,0,300,,83,2,0,44 14 45 46,0
45101,'2a08755845643968295b',1804,,93,2,0,44 14 45 46,0
45101,'31744f7e5638320a2d4c',1231,,357,4,0,44 14 45 46,0,15,,353,4,0,44 14 45 46,0,368,,354,2,0,44 14 45 46,0,110,,355,2,0,44 14 45 46,0,35,,356,2,0,44 14 45 46,0
45101,'34470046707605410b09',1219,,358,2,0,44 14 45 46,0,300,,359,2,0,44 14 45 46,0
45101,'39416a4548121b3b4e21',924,,100,2,0,44 14 45 46,0,595,,99,2,0,44 14 45 46,0
45101,'416039027b4e59137846',1904,,360,3,0,44 14 45 46,0
45101,'494a652c1e455e3d7c72',819,,361,2,0,44 14 45 46,0
45101,'553d275f1455102c362a',1219,,362,2,0,44 14 45 46,0,395,,363,3,0,44 14 45 46,0,120,,364,4,0,44 14 45 46,0,2,,365,4,0,44 14 45 46,0,73,,366,3,0,44 14 45 46,0
45101,'59737b0d0f044b52693e',1219,,367,2,0,44 14 45 46,0
45101,'5a622e2f735638475e4f',1219,,92,2,0,44 14 45 46,0
45101,'720e2d0f476223047d12',819,,370,2,0,44 14 45 46,0,825,,368,3,0,44 14 45 46,0,165,,369,3,0,44 14 45 46,0
45101,'7c40501f37807a467b28',1804,,371,2,0,44 14 45 46,0
45101,'7e6273386a42064a2f0b',924,,85,2,0,44 14 45 46,0
45101,'7f443a14596255477616',704,,373,2,0,44 14 45 46,0,40,,374,2,0,44 14 45 46,0,90,,375,2,0,44 14 45 46,0,470,,372,2,0,44 14 45 46,0
