45000,'075f4276790e1e273655',921,,247,6,0,54 55,0,290,,245,6,0,54 55,0
45000,'0c4d4a5702287833722f',921,,250,6,0,44 14 45 46,0,290,,249,6,0,44 14 45 46,0
45000,'1c2e3625233d01453772',1116,,251,6,0,44 14 45 46,0,630,,252,6,0,44 14 45 46,0,170,,253,6,0,44 14 45 46,0,125,,254,6,0,44 14 45 46,0
45000,'1f5759673f12020b0a50',1421,,255,6,0,44 14 45 46,0,215,,256,6,0,44 14 45 46,0,285,,257,6,0,44 14 45 46,0
45000,'20705f6f6c1d470f2a10',921,,260,6,0,54 55,0,290,,258,6,0,54 55,0
45000,'31744f7e5638320a2d4c',1231,,263,5,0,44 14 45 46,0,5,,262,9,0,44 14 45 46,0,110,,264,6,0,44 14 45 46,0
45000,'320823102b697f311363',921,,266,6,0,44 14 45 46,0,290,,265,6,0,44 14 45 46,0
45000,'3823594e52252d7f6b14',1421,,267,6,0,44 14 45 46,0,295,,268,6,0,44 14 45 46,0,325,,269,4,0,44 14 45 46,0
45000,'494a652c1e455e3d7c72',816,,272,6,0,44 56 57,0,420,,270,6,0,44 14 45 46,0,380,,271,6,0,44 14 45 46,0
45000,'553d275f1455102c362a',1731,,274,5,0,44 14 45 46,0,5,,273,8,0,44 14 45 46,0,101,,275,7,0,44 14 45 46,0
45000,'7c40501f37807a467b28',846,,278,6,0,54 55,0,365,,276,6,0,54 55,0,210,,277,6,0,44 14 45 46,0
45000,'7f443a14596255477616',728,,279,7,0,44 14 45 46,0
45001,'075f4276790e1e273655',1129,,280,10,0,47 14 15,0,430,,281,11,0,47 14 15,0,285,,283,11,0,47 14 15,0
45001,'0c4d4a5702287833722f',1052,,287,10,0,47 14 15,0,507,,285,10,0,47 14 15,0,400,,286,10,0,47 14 15,0
45001,'1c2e3625233d01453772',819,,290,10,0,47 14 15,0,435,,288,10,0,47 14 15,0,695,,289,11,0,47 14 15,0
45001,'1f5759673f12020b0a50',754,,292,10,0,47 14 15,0,580,,291,10,0,47 14 15,0
45001,'20705f6f6c1d470f2a10',1129,,294,10,0,47 14 15,0,430,,295,11,0,47 14 15,0,400,,297,11,0,47 14 15,0
45001,'31744f7e5638320a2d4c',1240,,298,14,0,47 14 15,0
45001,'320823102b697f311363',1052,,301,10,0,47 14 15,0,507,,299,10,0,47 14 15,0,285,,300,10,0,47 14 15,0
45001,'3823594e52252d7f6b14',844,,303,10,0,47 14 15,0,490,,302,10,0,47 14 15,0
45001,'494a652c1e455e3d7c72',1159,,304,10,0,47 14 15,0,295,,305,10,0,47 14 15,0,350,,306,13,0,47 14 15,0
45001,'553d275f1455102c362a',1730,,307,14,0,47 14 15,0
45001,'59737b0d0f044b52693e',710,,308,10,0,47 14 15,0
45001,'7c40501f37807a467b28',1129,,309,10,0,47 14 15,0,325,,310,11,0,47 14 15,0,260,,311,11,0,47 14 15,0
45001,'7f443a14596255477616',644,,313,10,0,47 14 15,0,65,,314,15,0,47 73 74,0,8,,312,12,0,47 60 61 62,0
