450,45000,'075f4276790e1e273655',245,246,247,248
450,45000,'0c4d4a5702287833722f',249,250
450,45000,'1e386a27476c5b6e1461',279
450,45000,'1e7832711c690d2e452a',273,274,275
450,45000,'1f5759673f12020b0a50',255,256,257
450,45000,'20705f6f6c1d470f2a10',258,259,260,261
450,45000,'2f16807a52596335736c',251,252,253,254
450,45000,'31744f7e5638320a2d4c',262,263,264
450,45000,'320823102b697f311363',265,266
450,45000,'3823594e52252d7f6b14',267,268,269
450,45000,'71472061383531535e0f',270,271,272
450,45000,'7c40501f37807a467b28',276,277,278
450,45001,'075f4276790e1e273655',280,281,282,283,284
450,45001,'0c4d4a5702287833722f',285,286,287
450,45001,'1e386a27476c5b6e1461',312,313,314
450,45001,'1e7832711c690d2e452a',307
450,45001,'1f5759673f12020b0a50',291,292
450,45001,'20705f6f6c1d470f2a10',293,294,295,296,297
450,45001,'2f16807a52596335736c',288,289,290
450,45001,'31744f7e5638320a2d4c',298
450,45001,'320823102b697f311363',299,300,301
450,45001,'3823594e52252d7f6b14',302,303
450,45001,'59737b0d0f044b52693e',308
450,45001,'71472061383531535e0f',304,305,306
450,45001,'7c40501f37807a467b28',309,310,311
451,45100,'0d4e3278231744213640',315,316,317
451,45100,'0e5131610429337c0530',318
451,45100,'184134507f4517151633',319
451,45100,'1e386a27476c5b6e1461',333,334,335,336,337,338,339,340,341,342
451,45100,'1e7832711c690d2e452a',328
451,45100,'2f16807a52596335736c',320
451,45100,'31744f7e5638320a2d4c',321
451,45100,'320823102b697f311363',322
451,45100,'34470046707605410b09',323,324,325,326
451,45100,'59737b0d0f044b52693e',329,330,331
451,45100,'71472061383531535e0f',327
451,45100,'720e2d0f476223047d12',332
451,45101,'0428793f447876305975',343
451,45101,'075f4276790e1e273655',344
451,45101,'0d4e3278231744213640',345,346,347
451,45101,'184134507f4517151633',348,349
451,45101,'1e386a27476c5b6e1461',372,373,374,375
451,45101,'1e7832711c690d2e452a',362,363,364,365,366
451,45101,'1f5759673f12020b0a50',352
451,45101,'2f16807a52596335736c',350,351
451,45101,'31744f7e5638320a2d4c',353,354,355,356,357
451,45101,'34470046707605410b09',358,359
451,45101,'416039027b4e59137846',360
451,45101,'59737b0d0f044b52693e',367
451,45101,'71472061383531535e0f',361
451,45101,'720e2d0f476223047d12',368,369,370
451,45101,'7c40501f37807a467b28',371
452,45200,'0a48440163297d78712f',114
452,45200,'1c1c0f437079497b5e2b',376
452,45200,'2f16807a52596335736c',377
452,45200,'3353402c7d4d152d3f6c',109,110,111,112,113
452,45200,'3c0d01540a13404e161d',115,116,117,118,119,120,121,122,123,124,125
452,45200,'4b28751f494143335b4e',108
452,45200,'596c7672710a49294266',107
452,45200,'5f04741f081f58114a4e',127,128,129,130
452,45201,'072d5d513739327f2270',138
452,45201,'0a48440163297d78712f',139
452,45201,'2f16807a52596335736c',378
452,45201,'3353402c7d4d152d3f6c',133,134,135,136,137
452,45201,'38330f282a2b4a5e2a78',379
452,45201,'3c0d01540a13404e161d',141,142,143,144,145,146,147,148,149,150,151
452,45201,'3c57162a6f2449753f29',380
452,45201,'4b28751f494143335b4e',132
452,45201,'5f04741f081f58114a4e',153,154,155,156
452,45201,'63392b25066943591a58',140
452,45201,'6e5055101e69084b3c50',131
453,45300,'2f16807a52596335736c',381,382,383,384
453,45301,'2f16807a52596335736c',385,386,387,388
454,45400,'075f4276790e1e273655',389,390,391
454,45400,'0e5131610429337c0530',392,393,394
454,45400,'184134507f4517151633',395,396
454,45400,'1e386a27476c5b6e1461',414
454,45400,'1e7832711c690d2e452a',407,408
454,45400,'2f16807a52596335736c',397
454,45400,'31744f7e5638320a2d4c',398,399
454,45400,'320823102b697f311363',400,401,402
454,45400,'416039027b4e59137846',403,404
454,45400,'59737b0d0f044b52693e',409
454,45400,'71472061383531535e0f',405,406
454,45400,'7c40501f37807a467b28',410,411,412,413
454,45401,'075f4276790e1e273655',415,416,417
454,45401,'0e5131610429337c0530',418
454,45401,'184134507f4517151633',419,420
454,45401,'1e386a27476c5b6e1461',436,437
454,45401,'1e7832711c690d2e452a',430
454,45401,'2f16807a52596335736c',421
454,45401,'31744f7e5638320a2d4c',422
454,45401,'320823102b697f311363',423,424,425
454,45401,'416039027b4e59137846',426,427
454,45401,'59737b0d0f044b52693e',431
454,45401,'71472061383531535e0f',428,429
454,45401,'7c40501f37807a467b28',432,433,434,435
455,45500,'112a0b7f332a564f1678',438
455,45500,'1e386a27476c5b6e1461',445,446
455,45500,'1f5759673f12020b0a50',441,442
455,45500,'2f16807a52596335736c',439,440
455,45500,'31744f7e5638320a2d4c',443
455,45500,'65010049261f3230571f',444
455,45501,'1e386a27476c5b6e1461',456
455,45501,'1e7832711c690d2e452a',453,454
455,45501,'1f5759673f12020b0a50',449,450
455,45501,'2f16807a52596335736c',447,448
455,45501,'31744f7e5638320a2d4c',451,452
455,45501,'59737b0d0f044b52693e',455
456,45600,'1e386a27476c5b6e1461',459
456,45600,'1f5759673f12020b0a50',457
456,45600,'31744f7e5638320a2d4c',458
456,45601,'1e386a27476c5b6e1461',462
456,45601,'1f5759673f12020b0a50',460
456,45601,'31744f7e5638320a2d4c',461
457,45700,'075f4276790e1e273655',463,464,465
457,45700,'1e386a27476c5b6e1461',469,470
457,45700,'2f16807a52596335736c',466,467,468
457,45701,'0428793f447876305975',471
457,45701,'075f4276790e1e273655',472,473,474
457,45701,'2f16807a52596335736c',475,476
457,45701,'31744f7e5638320a2d4c',477,478
457,45701,'3c2a73256541336f410c',481
457,45701,'416039027b4e59137846',479,480
457,45701,'59737b0d0f044b52693e',482
