45101,'0428793f447876305975',1841,,343,10,0,44 14 45 46,0
45101,'075f4276790e1e273655',1816,,344,8,0,44 14 45 46,0
45101,'0d4e3278231744213640',716,,346,9,0,44 14 45 46,0,600,,345,8,0,44 14 45 46,0,415,,347,8,0,44 14 45 46,0
45101,'184134507f4517151633',1656,,348,9,0,44 14 45 46,0,165,,349,10,0,44 14 45 46,0
45101,'1e386a27476c5b6e1461',716,,373,9,0,44 14 45 46,0,40,,374,9,0,44 14 45 46,0,90,,375,8,0,44 14 45 46,0,470,,372,8,0,44 14 45 46,0
45101,'1e7832711c690d2e452a',1231,,362,8,0,44 14 45 46,0,395,,363,9,0,44 14 45 46,0,120,,364,10,0,44 14 45 46,0,2,,365,10,0,44 14 45 46,0,73,,366,10,0,44 14 45 46,0
45101,'1f5759673f12020b0a50',936,,352,8,0,44 14 45 46,0
45101,'2f16807a52596335736c',936,,351,8,0,44 14 45 46,0,595,,350,8,0,44 14 45 46,0
45101,'31744f7e5638320a2d4c',1242,,357,11,0,44 14 45 46,0,16,,353,11,0,44 14 45 46,0,368,,354,8,0,44 14 45 46,0,110,,355,8,0,44 14 45 46,0,75,,356,8,0,44 14 45 46,0
45101,'34470046707605410b09',1231,,358,8,0,44 14 45 46,0,300,,359,8,0,44 14 45 46,0
45101,'416039027b4e59137846',1916,,360,10,0,44 14 45 46,0
45101,'59737b0d0f044b52693e',1231,,367,8,0,44 14 45 46,0
45101,'71472061383531535e0f',831,,361,8,0,44 14 45 46,0
45101,'720e2d0f476223047d12',831,,370,8,0,44 14 45 46,0,825,,368,9,0,44 14 45 46,0,165,,369,9,0,44 14 45 46,0
45101,'7c40501f37807a467b28',1816,,371,8,0,44 14 45 46,0
