45201,'072d5d513739327f2270',1237,,138,8,0,71 72,0
45201,'0a48440163297d78712f',1750,,139,12,0,68 14 15,0
45201,'1c2e3625233d01453772',830,,378,7,0,65 14 45,0
45201,'2d187024295b5f511e70',1750,,140,8,0,71 72,0
45201,'3353402c7d4d152d3f6c',755,,136,7,0,68 14 15,0,200,,137,7,0,68 14 15,0,395,,133,7,0,68 14 15,0,200,,134,7,0,68 14 15,0,450,,135,7,0,68 14 15,0
45201,'38330f282a2b4a5e2a78',1750,,379,8,0,68 14 15,0
45201,'3c57162a6f2449753f29',1750,,380,8,0,68 14 15,0
45201,'5f04741f081f58114a4e',755,,155,7,0,68 14 15,0,200,,156,7,0,68 14 15,0,395,,153,7,0,68 14 15,0,200,,154,7,0,68 14 15,0
45201,'6518496e331c2749036d',1150,,132,12,0,68 14 15,0
45201,'6e5055101e69084b3c50',1750,,131,8,0,68 14 15,0
45201,'7469295d084172605b05',600,,146,7,0,68 14 15,0,105,,149,7,0,68 14 15,0,245,,150,7,0,68 14 15,0,85,,151,7,0,68 14 15,0,192,,141,8,0,68 14 15,0,123,,142,7,0,68 14 15,0,175,,143,7,0,68 14 15,0,117,,144,8,0,68 14 15,0,98,,145,12,0,68 14 15,0,95,,147,8,0,68 14 15,0,105,,148,7,0,68 14 15,0
