45200,'0a48440163297d78712f',1040,,114,22,4,,0
45200,'3c0d01540a13404e161d',910,,122,22,4,,0
45200,'4b28751f494143335b4e',1445,,108,22,4,,0
45700,'075f4276790e1e273655',800,,463,1,0,19 20 21,0,330,,464,1,0,19 20 21,0,300,,465,1,0,19 20 21,0
45700,'2f16807a52596335736c',800,,466,1,0,19 20 21,0,330,,467,1,0,19 20 21,0,300,,468,1,0,19 20 21,0
45701,'0428793f447876305975',1830,,471,21,4,,0
45701,'075f4276790e1e273655',1048,,472,21,4,,0,360,,473,21,4,,0,422,,474,21,4,,0
45701,'2f16807a52596335736c',1048,,475,21,4,,0,360,,476,21,4,,0
45701,'416039027b4e59137846',1830,,480,22,4,,0
45701,'59737b0d0f044b52693e',1830,,482,21,4,,0
