45001,'02070559307629202a09',1114,,32,7,0,47 14 15,0,26,,38,8,4,,0,404,,34,8,0,47 14 15,0,276,,35,8,4,,0,9,,36,8,0,47 14 15,0
45001,'075f4276790e1e273655',1114,,280,7,0,47 14 15,0,26,,284,8,4,,0,404,,281,8,0,47 14 15,0,276,,282,8,4,,0,9,,283,8,0,47 14 15,0
45001,'0c4d4a5702287833722f',1037,,287,7,0,47 14 15,0,507,,285,7,0,47 14 15,0,400,,286,7,0,47 14 15,0
45001,'1a20552b5a400f716a1b',1114,,41,7,0,47 14 15,0,26,,40,8,4,,0,404,,43,8,0,47 14 15,0,276,,44,8,4,,0,124,,45,8,0,47 14 15,0
45001,'1c2e3625233d01453772',804,,290,7,0,47 14 15,0,435,,288,7,0,47 14 15,0,695,,289,8,0,47 14 15,0
45001,'1f5759673f12020b0a50',739,,292,7,0,47 14 15,0,580,,291,7,0,47 14 15,0
45001,'20705f6f6c1d470f2a10',1114,,294,7,0,47 14 15,0,26,,293,8,4,,0,404,,295,8,0,47 14 15,0,276,,296,8,4,,0,124,,297,8,0,47 14 15,0
45001,'2173665b1e6d5b0e5d56',739,,37,7,0,47 14 15,0,580,,33,7,0,47 14 15,0
45001,'29672110360e7e074d18',804,,59,7,0,47 14 15,0,435,,57,7,0,47 14 15,0,695,,58,8,0,47 14 15,0
45001,'2a08755845643968295b',1114,,47,7,0,47 14 15,0,325,,48,8,0,47 14 15,0,220,,49,8,0,47 14 15,0
45001,'320823102b697f311363',1037,,301,7,0,47 14 15,0,507,,299,7,0,47 14 15,0,285,,300,7,0,47 14 15,0
45001,'3823594e52252d7f6b14',829,,303,7,0,47 14 15,0,490,,302,7,0,47 14 15,0
45001,'494a652c1e455e3d7c72',1144,,304,7,0,47 14 15,0,295,,305,7,0,47 14 15,0,310,,306,8,0,47 14 15,0
45001,'59737b0d0f044b52693e',654,,308,7,0,47 14 15,0
45001,'5a622e2f735638475e4f',654,,50,7,0,47 14 15,0
45001,'765554443e157938074f',829,,46,7,0,47 14 15,0,490,,42,7,0,47 14 15,0
45001,'7c40501f37807a467b28',1114,,309,7,0,47 14 15,0,325,,310,8,0,47 14 15,0,220,,311,8,0,47 14 15,0
45001,'7f443a14596255477616',629,,313,7,0,47 14 15,0,21,,314,8,0,47 73 74,0
