45700,'075f4276790e1e273655',849,,463,17,0,19 20 21,0,370,,464,17,0,19 20 21,0,300,,465,17,0,19 20 21,0
45700,'1e386a27476c5b6e1461',736,,470,3,0,5 22 23 24,0
45700,'2f16807a52596335736c',849,,466,17,0,19 20 21,0,370,,467,17,0,19 20 21,0,300,,468,17,0,19 20 21,0
45701,'0428793f447876305975',1738,,471,5,0,63 64,0
45701,'075f4276790e1e273655',959,,472,5,0,63 64,0,360,,473,5,0,63 64,0,419,,474,5,0,63 64,0
45701,'2f16807a52596335736c',959,,475,5,0,63 64,0,360,,476,5,0,63 64,0
45701,'31744f7e5638320a2d4c',1224,,477,5,0,36 27 31 37,0,4,,478,4,0,66 67,0
45701,'3c2a73256541336f410c',1738,,481,5,0,36 27 31 37,0
45701,'416039027b4e59137846',1738,,479,6,0,36 27 31 37,0
45701,'59737b0d0f044b52693e',1738,,482,5,0,63 64,0
