45200,'1128010862754b49027c',938,,114,16,0,63 64,0
45200,'14625b336b2b140e0705',1338,,108,16,0,63 64,0
45200,'1c1c0f437079497b5e2b',800,,376,16,0,5 6 7,0
45200,'1c2e3625233d01453772',1758,,377,25,0,5 8 9 10,0
45200,'2a4057132634795d2a21',1138,,113,16,0,5 8 9 10,0,400,,109,16,0,5 8 9 10,0,200,,110,16,0,5 8 9 10,0,200,,111,16,0,5 8 9 10,0,190,,112,16,0,5 8 9 10,0
45200,'39537a560f0702647260',733,,107,7,0,5 69 70,0
45200,'53186d2a0b1d1a4d056f',1138,,130,16,0,5 8 9 10,0,400,,127,16,0,5 8 9 10,0,200,,128,16,0,5 8 9 10,0,200,,129,16,0,5 8 9 10,0
45200,'5b4c771e484537670d1c',808,,122,16,0,63 64,0,35,,123,16,0,5 6 7,0,295,,124,16,0,5 8 9 10,0,70,,125,16,0,5 8 9 10,0,220,,115,16,0,5 8 9 10,0,110,,116,16,0,5 8 9 10,0,110,,117,16,0,5 8 9 10,0,184,,118,16,0,5 8 9 10,0,96,,119,16,0,5 8 9 10,0,75,,120,16,0,5 8 9 10,0,115,,121,16,0,5 8 9 10,0
45200,'69181125652d7e4d6a80',1758,,126,25,0,5 8 9 10,0
45700,'075f4276790e1e273655',903,,463,20,0,19 20 21,0,330,,464,20,0,19 20 21,0,300,,465,20,0,19 20 21,0
45700,'1c2e3625233d01453772',903,,466,20,0,19 20 21,0,330,,467,20,0,19 20 21,0,300,,468,20,0,19 20 21,0
45700,'3a511f30370a721b2433',903,,225,20,0,19 20 21,0,330,,226,20,0,19 20 21,0,300,,227,20,0,19 20 21,0
45700,'69181125652d7e4d6a80',903,,230,20,0,19 20 21,0,330,,231,20,0,19 20 21,0,300,,232,20,0,19 20 21,0
45700,'7f443a14596255477616',745,,470,6,4,,0
45701,'06693a797f7b73176b39',1725,,471,2,0,63 64,0
45701,'075f4276790e1e273655',945,,472,2,0,63 64,0,360,,473,2,0,63 64,0,420,,474,2,0,63 64,0
45701,'1c2e3625233d01453772',945,,475,2,0,63 64,0,360,,476,2,0,63 64,0
45701,'31744f7e5638320a2d4c',1215,,478,1,0,66 67,0
45701,'3a511f30370a721b2433',945,,233,2,0,63 64,0,360,,234,2,0,63 64,0,420,,235,2,0,63 64,0
45701,'416039027b4e59137846',1725,,479,2,0,36 27 31 37,0
45701,'44487e3c3e7f21570e19',1725,,481,2,0,36 27 31 37,0
45701,'59737b0d0f044b52693e',1725,,482,2,0,63 64,0
45701,'69181125652d7e4d6a80',945,,239,2,0,63 64,0,360,,240,2,0,63 64,0,420,,238,2,0,63 64,0
