45201,'072d5d513739327f2270',1234,,138,6,0,71 72,0
45201,'0a48440163297d78712f',1747,,139,10,0,68 14 15,0
45201,'1c2e3625233d01453772',827,,378,5,0,65 14 45,0
45201,'2d187024295b5f511e70',1747,,140,6,0,71 72,0
45201,'3353402c7d4d152d3f6c',752,,136,5,0,68 14 15,0,200,,137,5,0,68 14 15,0,395,,133,5,0,68 14 15,0,200,,134,5,0,68 14 15,0,410,,135,5,0,68 14 15,0
45201,'38330f282a2b4a5e2a78',1747,,379,6,0,68 14 15,0
45201,'3c57162a6f2449753f29',1747,,380,6,0,68 14 15,0
45201,'5f04741f081f58114a4e',752,,155,5,0,68 14 15,0,200,,156,5,0,68 14 15,0,395,,153,5,0,68 14 15,0,200,,154,5,0,68 14 15,0
45201,'6518496e331c2749036d',1147,,132,10,0,68 14 15,0
45201,'6e5055101e69084b3c50',1747,,131,6,0,68 14 15,0
45201,'7469295d084172605b05',557,,146,5,0,68 14 15,0,145,,149,5,0,68 14 15,0,245,,150,5,0,68 14 15,0,85,,151,5,0,68 14 15,0,192,,141,6,0,68 14 15,0,123,,142,5,0,68 14 15,0,175,,143,5,0,68 14 15,0,117,,144,6,0,68 14 15,0,98,,145,10,0,68 14 15,0,95,,147,6,0,68 14 15,0,105,,148,5,0,68 14 15,0
