45500,'112a0b7f332a564f1678',1345,,438,5,0,5 8 9 10,0
45500,'1e386a27476c5b6e1461',721,,445,3,0,5 6 7,0
45500,'1f5759673f12020b0a50',931,,441,5,0,5 8 9 10,0,479,,442,5,0,5 8 9 10,0
45500,'2f16807a52596335736c',855,,439,5,0,5 8 9 10,0,195,,440,5,0,5 8 9 10,0
45500,'31744f7e5638320a2d4c',1345,,443,10,0,5 8 9 10,0
45500,'65010049261f3230571f',1345,,444,5,0,5 8 9 10,0
45501,'1e386a27476c5b6e1461',827,,456,7,0,33 20,0
45501,'1e7832711c690d2e452a',1752,,454,4,0,34 35,0
45501,'1f5759673f12020b0a50',1239,,449,4,0,33 20,0,484,,450,4,0,33 20,0
45501,'2f16807a52596335736c',924,,447,4,0,33 20,0,315,,448,4,0,33 20,0
45501,'31744f7e5638320a2d4c',1237,,451,7,0,11 12,0,516,,452,4,0,11 12,0
45501,'59737b0d0f044b52693e',1753,,455,4,0,33 20,0
45600,'1e386a27476c5b6e1461',721,,459,13,0,5 6 7,0
45600,'1f5759673f12020b0a50',931,,457,13,0,5 22 23 24,0
45600,'31744f7e5638320a2d4c',1346,,458,13,0,5 6 7,0
45601,'1e386a27476c5b6e1461',1752,,462,7,0,26 27,0
45601,'1f5759673f12020b0a50',1237,,460,4,0,26 27,0
45601,'31744f7e5638320a2d4c',1237,,461,7,0,26 27,0
