45201,'072d5d513739327f2270',1227,,138,2,0,71 72,0
45201,'0a48440163297d78712f',1740,,139,6,0,68 14 15,0
45201,'2f16807a52596335736c',820,,378,1,0,65 14 45,0
45201,'3353402c7d4d152d3f6c',745,,136,1,0,68 14 15,0,200,,137,1,0,68 14 15,0,395,,133,1,0,68 14 15,0,200,,134,1,0,68 14 15,0,410,,135,1,0,68 14 15,0
45201,'38330f282a2b4a5e2a78',1740,,379,2,0,68 14 15,0
45201,'3c0d01540a13404e161d',550,,146,1,0,68 14 15,0,105,,149,1,0,68 14 15,0,285,,150,1,0,68 14 15,0,85,,151,1,0,68 14 15,0,192,,141,2,0,68 14 15,0,123,,142,1,0,68 14 15,0,175,,143,1,0,68 14 15,0,117,,144,2,0,68 14 15,0,98,,145,6,0,68 14 15,0,95,,147,2,0,68 14 15,0,105,,148,1,0,68 14 15,0
45201,'3c57162a6f2449753f29',1740,,380,2,0,68 14 15,0
45201,'4b28751f494143335b4e',1140,,132,6,0,68 14 15,0
45201,'5f04741f081f58114a4e',745,,155,1,0,68 14 15,0,200,,156,1,0,68 14 15,0,395,,153,1,0,68 14 15,0,200,,154,1,0,68 14 15,0
45201,'63392b25066943591a58',1740,,140,2,0,71 72,0
45201,'6e5055101e69084b3c50',1740,,131,2,0,68 14 15,0
45401,'0e5131610429337c0530',603,,418,2,0,28 29 30 31 20 32,0
45501,'1e386a27476c5b6e1461',815,,456,3,0,33 20,0
45501,'1e7832711c690d2e452a',1740,,453,3,0,11 12,0
45501,'31744f7e5638320a2d4c',1225,,451,3,0,11 12,0
45601,'1e386a27476c5b6e1461',1740,,462,3,0,26 27,0
45601,'31744f7e5638320a2d4c',1225,,461,3,0,26 27,0
45701,'0428793f447876305975',1728,,471,3,0,63 64,0
45701,'075f4276790e1e273655',948,,472,3,0,63 64,0,360,,473,3,0,63 64,0,420,,474,3,0,63 64,0
45701,'2f16807a52596335736c',948,,475,3,0,63 64,0,360,,476,3,0,63 64,0
45701,'31744f7e5638320a2d4c',1218,,478,2,0,66 67,0
45701,'3c2a73256541336f410c',1728,,481,3,0,36 27 31 37,0
45701,'416039027b4e59137846',1728,,479,3,0,36 27 31 37,0
45701,'59737b0d0f044b52693e',1728,,482,3,0,63 64,0
