45200,'0a48440163297d78712f',1005,,114,19,0,63 64,0
45200,'3c0d01540a13404e161d',835,,122,19,0,63 64,0
45200,'4b28751f494143335b4e',1410,,108,19,0,63 64,0
45700,'075f4276790e1e273655',827,,463,11,0,19 20 21,0,330,,464,11,0,19 20 21,0,300,,465,11,0,19 20 21,0
45700,'2f16807a52596335736c',827,,466,11,0,19 20 21,0,330,,467,11,0,19 20 21,0,300,,468,11,0,19 20 21,0
45701,'0428793f447876305975',1803,,471,11,0,63 64,0
45701,'075f4276790e1e273655',1022,,472,11,0,63 64,0,321,,473,11,0,63 64,0,460,,474,11,0,63 64,0
45701,'2f16807a52596335736c',1022,,475,11,0,63 64,0,321,,476,11,0,63 64,0
45701,'416039027b4e59137846',1803,,480,12,0,63 64,0
45701,'59737b0d0f044b52693e',1803,,482,11,0,63 64,0
