45400,'02070559307629202a09',848,,167,6,0,19 20 21,0,476,,165,6,0,19 20 21,0,483,,166,6,0,19 20 21,0
45400,'075f4276790e1e273655',848,,391,6,0,19 20 21,0,476,,389,6,0,19 20 21,0,483,,390,6,0,19 20 21,0
45400,'0e5131610429337c0530',704,,393,6,0,5 22 23 24,0
45400,'184134507f4517151633',1234,,395,6,0,5 22 23 24,0,495,,396,6,0,5 22 23 24,0
45400,'1c2e3625233d01453772',1629,,397,6,0,5 22 23 24,0
45400,'2829557e4e6662246775',1629,,178,6,0,5 22 23 24,0
45400,'2a08755845643968295b',824,,174,6,0,19 20 21,0,380,,170,6,0,5 22 23 24,0,120,,171,6,0,19 20 21,0,405,,172,6,0,19 20 21,0
45400,'31744f7e5638320a2d4c',1254,,398,9,0,5 22 23 24,0,475,,399,6,0,5 22 23 24,0
45400,'320823102b697f311363',848,,402,6,0,5 22 23 24,0,476,,400,6,0,5 22 23 24,0,483,,401,6,0,5 22 23 24,0
45400,'416039027b4e59137846',1745,,403,8,0,25 20,0,173,,404,5,0,5 22 23 24,0
45400,'494a652c1e455e3d7c72',824,,406,6,0,5 22 23 24,0,535,,405,6,0,5 22 23 24,0
45400,'553d275f1455102c362a',1234,,407,6,0,5 22 23 24,0,511,,408,8,0,5 22 23 24,0
45400,'59737b0d0f044b52693e',704,,409,6,0,5 22 23 24,0
45400,'5a622e2f735638475e4f',704,,173,6,0,5 22 23 24,0
45400,'7c40501f37807a467b28',824,,413,6,0,19 20 21,0,380,,410,6,0,5 22 23 24,0,120,,411,6,0,19 20 21,0,405,,412,6,0,19 20 21,0
45400,'7f443a14596255477616',704,,414,6,0,5 22 23 24,0
