45001,'075f4276790e1e273655',1045,,280,1,0,47 14 15,0,470,,281,2,0,47 14 15,0,285,,283,2,0,47 14 15,0
45001,'0c4d4a5702287833722f',1008,,287,1,0,47 14 15,0,507,,285,1,0,47 14 15,0,400,,286,1,0,47 14 15,0
45001,'1c2e3625233d01453772',735,,290,1,0,47 14 15,0,475,,288,1,0,47 14 15,0,695,,289,2,0,47 14 15,0
45001,'1f5759673f12020b0a50',710,,292,1,0,47 14 15,0,540,,291,1,0,47 14 15,0
45001,'20705f6f6c1d470f2a10',1045,,294,1,0,47 14 15,0,470,,295,2,0,47 14 15,0,400,,297,2,0,47 14 15,0
45001,'31744f7e5638320a2d4c',1155,,298,1,0,47 14 15,0
45001,'320823102b697f311363',1008,,301,1,0,47 14 15,0,507,,299,1,0,47 14 15,0,285,,300,1,0,47 14 15,0
45001,'3823594e52252d7f6b14',800,,303,1,0,47 14 15,0,450,,302,1,0,47 14 15,0
45001,'494a652c1e455e3d7c72',1115,,304,1,0,47 14 15,0,295,,305,1,0,47 14 15,0,310,,306,2,0,47 14 15,0
45001,'553d275f1455102c362a',1645,,307,1,0,47 14 15,0
45001,'59737b0d0f044b52693e',625,,308,1,0,47 14 15,0
45001,'7c40501f37807a467b28',1045,,309,1,0,47 14 15,0,365,,310,2,0,47 14 15,0,220,,311,2,0,47 14 15,0
45001,'7f443a14596255477616',600,,313,1,0,47 14 15,0,20,,314,1,0,47 73 74,0,15,,312,1,0,47 60 61 62,0
