45401,'02070559307629202a09',801,,184,11,0,28 22 14 15,0,420,,185,11,0,28 22 14 15,0,500,,183,11,0,28 22 14 15,0
45401,'075f4276790e1e273655',801,,416,11,0,28 22 14 15,0,420,,417,11,0,28 22 14 15,0,500,,415,11,0,28 22 14 15,0
45401,'0e5131610429337c0530',639,,418,10,0,28 29 30 31 20 32,0
45401,'184134507f4517151633',717,,420,10,0,28 22 14 15,0,539,,419,10,0,28 22 14 15,0
45401,'1c2e3625233d01453772',841,,421,10,0,28 22 14 15,0
45401,'29672110360e7e074d18',841,,196,10,0,28 22 14 15,0
45401,'2a08755845643968295b',717,,190,11,0,28 22 14 15,0,504,,191,11,0,28 22 14 15,0,190,,187,10,0,28 22 14 15,0,210,,188,11,0,28 22 14 15,0
45401,'31744f7e5638320a2d4c',1304,,422,12,0,28 22 14 15,0
45401,'320823102b697f311363',801,,425,10,0,28 22 14 15,0,420,,423,10,0,28 22 14 15,0,500,,424,10,0,28 22 14 15,0
45401,'416039027b4e59137846',1826,,427,12,0,28 29 30 31 20 32,0
45401,'494a652c1e455e3d7c72',1431,,428,10,0,28 22 14 15,0,190,,429,10,0,28 22 14 15,0
45401,'553d275f1455102c362a',1256,,430,10,0,28 22 14 15,0
45401,'59737b0d0f044b52693e',1811,,431,10,0,28 29 30 31 20 32,0
45401,'5a622e2f735638475e4f',1811,,189,10,0,28 29 30 31 20 32,0
45401,'7c40501f37807a467b28',717,,434,11,0,28 22 14 15,0,504,,435,11,0,28 22 14 15,0,190,,432,10,0,28 22 14 15,0,210,,433,11,0,28 22 14 15,0
45401,'7f443a14596255477616',717,,437,10,0,28 22 14 15,0,1104,,436,12,0,28 29 30 31 20 32,0
