45201,'1128010862754b49027c',1650,,139,2,0,68 14 15,0
45201,'14625b336b2b140e0705',1050,,132,2,0,68 14 15,0
45201,'5b4c771e484537670d1c',1640,,145,2,0,68 14 15,0
45701,'06693a797f7b73176b39',1818,,471,15,0,63 64,0
45701,'075f4276790e1e273655',1036,,472,15,0,63 64,0,320,,473,15,0,63 64,0,462,,474,15,0,63 64,0
45701,'1c2e3625233d01453772',1036,,475,15,0,63 64,0,320,,476,15,0,63 64,0
45701,'3a511f30370a721b2433',1036,,233,14,0,63 64,0,320,,234,14,0,63 64,0,462,,235,14,0,63 64,0
45701,'416039027b4e59137846',1818,,480,16,0,63 64,0
45701,'59737b0d0f044b52693e',1818,,482,15,0,63 64,0
45701,'69181125652d7e4d6a80',1036,,239,14,0,63 64,0,320,,240,14,0,63 64,0,462,,238,14,0,63 64,0
