45200,'0a48440163297d78712f',936,,114,15,0,63 64,0
45200,'1c1c0f437079497b5e2b',758,,376,15,0,5 6 7,0
45200,'1c2e3625233d01453772',1756,,377,24,0,5 8 9 10,0
45200,'3353402c7d4d152d3f6c',1136,,113,15,0,5 8 9 10,0,400,,109,15,0,5 8 9 10,0,200,,110,15,0,5 8 9 10,0,200,,111,15,0,5 8 9 10,0,190,,112,15,0,5 8 9 10,0
45200,'39537a560f0702647260',731,,107,6,0,5 69 70,0
45200,'5f04741f081f58114a4e',1136,,130,15,0,5 8 9 10,0,400,,127,15,0,5 8 9 10,0,200,,128,15,0,5 8 9 10,0,200,,129,15,0,5 8 9 10,0
45200,'6518496e331c2749036d',1336,,108,15,0,63 64,0
45200,'7469295d084172605b05',806,,122,15,0,63 64,0,35,,123,15,0,5 6 7,0,295,,124,15,0,5 8 9 10,0,70,,125,15,0,5 8 9 10,0,220,,115,15,0,5 8 9 10,0,110,,116,15,0,5 8 9 10,0,110,,117,15,0,5 8 9 10,0,185,,118,15,0,5 8 9 10,0,95,,119,15,0,5 8 9 10,0,75,,120,15,0,5 8 9 10,0,115,,121,15,0,5 8 9 10,0
45400,'075f4276790e1e273655',937,,391,16,4,,0,476,,389,16,4,,0,443,,390,16,4,,0
45400,'7c40501f37807a467b28',908,,413,16,4,,0,505,,411,16,4,,0,415,,412,16,4,,0
45401,'075f4276790e1e273655',703,,416,1,0,28 22 14 15,0,435,,417,1,0,28 22 14 15,0,495,,415,1,0,28 22 14 15,0
45401,'7c40501f37807a467b28',630,,434,1,0,28 22 14 15,0,508,,435,1,0,28 22 14 15,0,400,,433,1,0,28 22 14 15,0
45700,'075f4276790e1e273655',908,,463,21,4,,0,330,,464,21,4,,0,300,,465,21,4,,0
45700,'1c2e3625233d01453772',908,,466,21,4,,0,330,,467,21,4,,0,300,,468,21,4,,0
45700,'7f443a14596255477616',753,,469,13,4,,0
45701,'06693a797f7b73176b39',1710,,471,1,0,63 64,0
45701,'075f4276790e1e273655',940,,472,1,0,63 64,0,360,,473,1,0,63 64,0,410,,474,1,0,63 64,0
45701,'1c2e3625233d01453772',940,,475,1,0,63 64,0,360,,476,1,0,63 64,0
45701,'31744f7e5638320a2d4c',1210,,477,1,0,36 27 31 37,0
45701,'416039027b4e59137846',1710,,479,1,0,36 27 31 37,0
45701,'44487e3c3e7f21570e19',1710,,481,1,0,36 27 31 37,0
45701,'59737b0d0f044b52693e',1710,,482,1,0,63 64,0
