45100,'0d4e3278231744213640',1240,,315,12,0,28 12 38,0,400,,316,12,0,28 12 38,0,295,,317,11,0,28 12 38,0
45100,'0e5131610429337c0530',620,,318,12,0,28 29 30 31 20 32,0
45100,'184134507f4517151633',855,,319,11,0,28 12 38,0
45100,'1c2e3625233d01453772',1436,,320,11,0,28 12 38,0
45100,'22206a5130474f051002',745,,64,11,0,28 12 38,0,390,,61,11,0,28 12 38,0,300,,62,11,0,28 12 38,0,280,,63,11,0,28 12 38,0
45100,'29672110360e7e074d18',1435,,80,11,0,28 12 38,0
45100,'31744f7e5638320a2d4c',1340,,321,11,0,28 12 38,0
45100,'320823102b697f311363',845,,322,11,0,28 12 38,0
45100,'34470046707605410b09',745,,326,11,0,28 12 38,0,392,,323,11,0,28 12 38,0,299,,324,11,0,28 12 38,0,279,,325,11,0,28 12 38,0
45100,'494a652c1e455e3d7c72',1545,,327,11,0,28 12 38,0
45100,'553d275f1455102c362a',1801,,328,12,0,28 12 38,0
45100,'59737b0d0f044b52693e',745,,331,11,0,28 12 38,0,392,,329,11,0,28 12 38,0,578,,330,11,0,28 12 38,0
45100,'5a622e2f735638475e4f',745,,68,11,0,28 12 38,0,390,,66,11,0,28 12 38,0,580,,67,11,0,28 12 38,0
45100,'720e2d0f476223047d12',1545,,332,11,0,28 12 38,0
45100,'7f443a14596255477616',720,,338,11,0,39 6 40 41,0,10,,340,11,0,39 6 40 41,0,85,,341,12,0,28 42 43,0,40,,342,12,0,28 42 43,0,180,,333,11,0,28 12 38,0,205,,334,12,0,28 12 38,0,400,,335,12,0,28 12 38,0,101,,336,12,0,28 12 38,0,99,,337,12,0,28 12 38,0
