45100,'0d4e3278231744213640',1238,,315,10,0,28 12 38,0,400,,316,10,0,28 12 38,0,295,,317,9,0,28 12 38,0
45100,'0e5131610429337c0530',617,,318,10,0,28 29 30 31 20 32,0
45100,'184134507f4517151633',853,,319,9,0,28 12 38,0
45100,'1c2e3625233d01453772',1434,,320,9,0,28 12 38,0
45100,'22206a5130474f051002',741,,64,9,0,28 12 38,0,390,,61,9,0,28 12 38,0,300,,62,9,0,28 12 38,0,280,,63,9,0,28 12 38,0
45100,'31744f7e5638320a2d4c',1338,,321,9,0,28 12 38,0
45100,'320823102b697f311363',843,,322,9,0,28 12 38,0
45100,'34470046707605410b09',743,,326,9,0,28 12 38,0,391,,323,9,0,28 12 38,0,300,,324,9,0,28 12 38,0,279,,325,9,0,28 12 38,0
45100,'494a652c1e455e3d7c72',1543,,327,9,0,28 12 38,0
45100,'553d275f1455102c362a',1759,,328,10,0,28 12 38,0
45100,'59737b0d0f044b52693e',743,,331,9,0,28 12 38,0,391,,329,9,0,28 12 38,0,579,,330,9,0,28 12 38,0
45100,'5a622e2f735638475e4f',741,,68,9,0,28 12 38,0,390,,66,9,0,28 12 38,0,580,,67,9,0,28 12 38,0
45100,'5f3a5d635165645c1e2c',1431,,80,9,0,28 12 38,0
45100,'720e2d0f476223047d12',1543,,332,9,0,28 12 38,0
45100,'7f443a14596255477616',717,,338,9,0,39 6 40 41,0,10,,340,9,0,39 6 40 41,0,86,,341,10,0,28 42 43,0,40,,342,10,0,28 42 43,0,180,,333,9,0,28 12 38,0,205,,334,10,0,28 12 38,0,400,,335,10,0,28 12 38,0,101,,336,10,0,28 12 38,0,99,,337,10,0,28 12 38,0
45101,'02070559307629202a09',1814,,84,7,0,44 14 45 46,0
45101,'06693a797f7b73176b39',1839,,343,9,0,44 14 45 46,0
45101,'075f4276790e1e273655',1814,,344,7,0,44 14 45 46,0
45101,'0d4e3278231744213640',714,,346,8,0,44 14 45 46,0,600,,345,7,0,44 14 45 46,0,415,,347,7,0,44 14 45 46,0
45101,'184134507f4517151633',1654,,348,8,0,44 14 45 46,0,165,,349,9,0,44 14 45 46,0
45101,'1c2e3625233d01453772',934,,351,7,0,44 14 45 46,0,595,,350,7,0,44 14 45 46,0
45101,'1f5759673f12020b0a50',934,,352,7,0,44 14 45 46,0
45101,'22206a5130474f051002',1229,,82,7,0,44 14 45 46,0,300,,83,7,0,44 14 45 46,0
45101,'2a08755845643968295b',1814,,93,7,0,44 14 45 46,0
45101,'31744f7e5638320a2d4c',1240,,357,10,0,44 14 45 46,0,16,,353,10,0,44 14 45 46,0,368,,354,7,0,44 14 45 46,0,110,,355,7,0,44 14 45 46,0,75,,356,7,0,44 14 45 46,0
45101,'34470046707605410b09',1229,,358,7,0,44 14 45 46,0,300,,359,7,0,44 14 45 46,0
45101,'416039027b4e59137846',1914,,360,9,0,44 14 45 46,0
45101,'49363c5c560d0d713513',934,,85,7,0,44 14 45 46,0
45101,'494a652c1e455e3d7c72',829,,361,7,0,44 14 45 46,0
45101,'553d275f1455102c362a',1229,,362,7,0,44 14 45 46,0,395,,363,8,0,44 14 45 46,0,120,,364,9,0,44 14 45 46,0,2,,365,9,0,44 14 45 46,0,73,,366,9,0,44 14 45 46,0
45101,'59737b0d0f044b52693e',1229,,367,7,0,44 14 45 46,0
45101,'5a622e2f735638475e4f',1229,,92,7,0,44 14 45 46,0
45101,'5f3a5d635165645c1e2c',934,,100,7,0,44 14 45 46,0,595,,99,7,0,44 14 45 46,0
45101,'720e2d0f476223047d12',829,,370,7,0,44 14 45 46,0,825,,368,8,0,44 14 45 46,0,165,,369,8,0,44 14 45 46,0
45101,'7c40501f37807a467b28',1814,,371,7,0,44 14 45 46,0
45101,'7f443a14596255477616',714,,373,8,0,44 14 45 46,0,40,,374,8,0,44 14 45 46,0,91,,375,7,0,44 14 45 46,0,469,,372,7,0,44 14 45 46,0
