45001,'02070559307629202a09',1100,,32,4,0,47 14 15,0,430,,34,5,0,47 14 15,0,285,,36,5,0,47 14 15,0
45001,'075f4276790e1e273655',1100,,280,4,0,47 14 15,0,430,,281,5,0,47 14 15,0,285,,283,5,0,47 14 15,0
45001,'0c4d4a5702287833722f',1023,,287,4,0,47 14 15,0,507,,285,4,0,47 14 15,0,400,,286,4,0,47 14 15,0
45001,'1a20552b5a400f716a1b',1100,,41,4,0,47 14 15,0,430,,43,5,0,47 14 15,0,400,,45,5,0,47 14 15,0
45001,'1c2e3625233d01453772',750,,290,4,0,47 14 15,0,475,,288,4,0,47 14 15,0,695,,289,5,0,47 14 15,0
45001,'1e10375f42313a246a18',750,,59,4,0,47 14 15,0,475,,57,4,0,47 14 15,0,695,,58,5,0,47 14 15,0
45001,'1f5759673f12020b0a50',725,,292,4,0,47 14 15,0,580,,291,4,0,47 14 15,0
45001,'20705f6f6c1d470f2a10',1100,,294,4,0,47 14 15,0,430,,295,5,0,47 14 15,0,400,,297,5,0,47 14 15,0
45001,'2173665b1e6d5b0e5d56',725,,37,4,0,47 14 15,0,580,,33,4,0,47 14 15,0
45001,'2a08755845643968295b',1100,,47,4,0,47 14 15,0,325,,48,5,0,47 14 15,0,220,,49,5,0,47 14 15,0
45001,'320823102b697f311363',1023,,301,4,0,47 14 15,0,507,,299,4,0,47 14 15,0,285,,300,4,0,47 14 15,0
45001,'3823594e52252d7f6b14',815,,303,4,0,47 14 15,0,490,,302,4,0,47 14 15,0
45001,'494a652c1e455e3d7c72',1130,,304,4,0,47 14 15,0,295,,305,4,0,47 14 15,0,310,,306,5,0,47 14 15,0
45001,'59737b0d0f044b52693e',640,,308,4,0,47 14 15,0
45001,'5a622e2f735638475e4f',640,,50,4,0,47 14 15,0
45001,'657c421e081b56557239',815,,46,4,0,47 14 15,0,490,,42,4,0,47 14 15,0
45001,'7c40501f37807a467b28',1100,,309,4,0,47 14 15,0,325,,310,5,0,47 14 15,0,220,,311,5,0,47 14 15,0
45001,'7f443a14596255477616',615,,313,4,0,47 14 15,0,20,,314,4,0,47 73 74,0,21,,312,7,0,47 60 61 62,0
