45000,'075f4276790e1e273655',919,,247,5,0,54 55,0,290,,245,5,0,54 55,0
45000,'0c4d4a5702287833722f',919,,250,5,0,44 14 45 46,0,290,,249,5,0,44 14 45 46,0
45000,'1e386a27476c5b6e1461',725,,279,6,0,44 14 45 46,0
45000,'1e7832711c690d2e452a',1734,,273,7,0,44 14 45 46,0,101,,275,6,0,44 14 45 46,0
45000,'1f5759673f12020b0a50',1419,,255,5,0,44 14 45 46,0,215,,256,5,0,44 14 45 46,0,285,,257,5,0,44 14 45 46,0
45000,'20705f6f6c1d470f2a10',919,,260,5,0,54 55,0,290,,258,5,0,54 55,0
45000,'2f16807a52596335736c',1114,,251,5,0,44 14 45 46,0,630,,252,5,0,44 14 45 46,0,170,,253,5,0,44 14 45 46,0,125,,254,5,0,44 14 45 46,0
45000,'31744f7e5638320a2d4c',1234,,262,8,0,44 14 45 46,0,110,,264,5,0,44 14 45 46,0
45000,'320823102b697f311363',919,,266,5,0,44 14 45 46,0,290,,265,5,0,44 14 45 46,0
45000,'3823594e52252d7f6b14',1419,,267,5,0,44 14 45 46,0,295,,268,5,0,44 14 45 46,0,325,,269,3,0,44 14 45 46,0
45000,'71472061383531535e0f',814,,272,5,0,44 56 57,0,420,,270,5,0,44 14 45 46,0,380,,271,5,0,44 14 45 46,0
45000,'7c40501f37807a467b28',844,,278,5,0,54 55,0,365,,276,5,0,54 55,0,210,,277,5,0,44 14 45 46,0
