45400,'02070559307629202a09',901,,167,9,0,19 20 21,0,436,,165,9,0,19 20 21,0,483,,166,9,0,19 20 21,0
45400,'075f4276790e1e273655',901,,391,9,0,19 20 21,0,436,,389,9,0,19 20 21,0,483,,390,9,0,19 20 21,0
45400,'0e5131610429337c0530',717,,393,9,0,5 22 23 24,0
45400,'184134507f4517151633',1247,,395,9,0,5 22 23 24,0,495,,396,9,0,5 22 23 24,0
45400,'1c2e3625233d01453772',1642,,397,9,0,5 22 23 24,0
45400,'2a08755845643968295b',837,,174,9,0,19 20 21,0,380,,170,9,0,5 22 23 24,0,120,,171,9,0,19 20 21,0,405,,172,9,0,19 20 21,0
45400,'31744f7e5638320a2d4c',1306,,398,12,0,5 22 23 24,0,436,,399,9,0,5 22 23 24,0
45400,'320823102b697f311363',901,,402,9,0,5 22 23 24,0,436,,400,9,0,5 22 23 24,0,483,,401,9,0,5 22 23 24,0
45400,'39416a4548121b3b4e21',1642,,178,9,0,5 22 23 24,0
45400,'416039027b4e59137846',1933,,404,8,0,5 22 23 24,0
45400,'494a652c1e455e3d7c72',837,,406,9,0,5 22 23 24,0,575,,405,9,0,5 22 23 24,0
45400,'553d275f1455102c362a',1247,,407,9,0,5 22 23 24,0,553,,408,11,0,5 22 23 24,0
45400,'59737b0d0f044b52693e',717,,409,9,0,5 22 23 24,0
45400,'5a622e2f735638475e4f',717,,173,9,0,5 22 23 24,0
45400,'7c40501f37807a467b28',837,,413,9,0,19 20 21,0,380,,410,9,0,5 22 23 24,0,120,,411,9,0,19 20 21,0,405,,412,9,0,19 20 21,0
45400,'7f443a14596255477616',717,,414,9,0,5 22 23 24,0
