45500,'112a0b7f332a564f1678',1335,,438,1,0,5 8 9 10,0
45500,'1e386a27476c5b6e1461',711,,446,6,0,5 6 7,0
45500,'1f5759673f12020b0a50',921,,441,1,0,5 8 9 10,0,479,,442,1,0,5 8 9 10,0
45500,'2f16807a52596335736c',845,,439,1,0,5 8 9 10,0,195,,440,1,0,5 8 9 10,0
45500,'31744f7e5638320a2d4c',1335,,443,6,0,5 8 9 10,0
45500,'65010049261f3230571f',1335,,444,1,0,5 8 9 10,0
45501,'1e386a27476c5b6e1461',836,,456,11,4,,0
45501,'1e7832711c690d2e452a',1801,,453,11,0,11 12,0
45501,'1f5759673f12020b0a50',1246,,449,8,4,,0,485,,450,8,4,,0
45501,'2f16807a52596335736c',931,,447,8,4,,0,315,,448,8,4,,0
45501,'31744f7e5638320a2d4c',1246,,451,11,0,11 12,0,555,,452,8,0,11 12,0
45501,'59737b0d0f044b52693e',1801,,455,8,4,,0
45600,'1e386a27476c5b6e1461',711,,459,9,0,5 6 7,0
45600,'1f5759673f12020b0a50',921,,457,9,0,5 22 23 24,0
45600,'31744f7e5638320a2d4c',1336,,458,9,0,5 6 7,0
45601,'1e386a27476c5b6e1461',1801,,462,11,0,26 27,0
45601,'1f5759673f12020b0a50',1246,,460,8,0,26 27,0
45601,'31744f7e5638320a2d4c',1246,,461,11,0,26 27,0
