45201,'072d5d513739327f2270',1230,,138,3,0,71 72,0
45201,'0a48440163297d78712f',1743,,139,7,0,68 14 15,0
45201,'2f16807a52596335736c',823,,378,2,0,65 14 45,0
45201,'3353402c7d4d152d3f6c',748,,136,2,0,68 14 15,0,200,,137,2,0,68 14 15,0,395,,133,2,0,68 14 15,0,200,,134,2,0,68 14 15,0,410,,135,2,0,68 14 15,0
45201,'38330f282a2b4a5e2a78',1743,,379,3,0,68 14 15,0
45201,'3c0d01540a13404e161d',553,,146,2,0,68 14 15,0,105,,149,2,0,68 14 15,0,285,,150,2,0,68 14 15,0,85,,151,2,0,68 14 15,0,192,,141,3,0,68 14 15,0,123,,142,2,0,68 14 15,0,175,,143,2,0,68 14 15,0,117,,144,3,0,68 14 15,0,98,,145,7,0,68 14 15,0,95,,147,3,0,68 14 15,0,105,,148,2,0,68 14 15,0
45201,'3c57162a6f2449753f29',1743,,380,3,0,68 14 15,0
45201,'4b28751f494143335b4e',1143,,132,7,0,68 14 15,0
45201,'5f04741f081f58114a4e',748,,155,2,0,68 14 15,0,200,,156,2,0,68 14 15,0,395,,153,2,0,68 14 15,0,200,,154,2,0,68 14 15,0
45201,'63392b25066943591a58',1743,,140,3,0,71 72,0
45201,'6e5055101e69084b3c50',1743,,131,3,0,68 14 15,0
45400,'0e5131610429337c0530',750,,392,6,4,,0,3,,393,16,0,5 22 23 24,0,1,,394,6,4,,0
45400,'1e386a27476c5b6e1461',753,,414,16,0,5 22 23 24,0
45401,'1e386a27476c5b6e1461',1732,,436,2,0,28 29 30 31 20 32,0
45401,'31744f7e5638320a2d4c',1217,,422,2,0,28 22 14 15,0
45401,'416039027b4e59137846',1732,,426,2,0,28 29 30 31 20 32,0,5,,427,2,0,28 29 30 31 20 32,0
