45000,'075f4276790e1e273655',941,,247,10,0,54 55,0,290,,245,10,0,54 55,0
45000,'0c4d4a5702287833722f',941,,250,10,0,44 14 45 46,0,290,,249,10,0,44 14 45 46,0
45000,'1e386a27476c5b6e1461',801,,279,16,0,44 14 45 46,0
45000,'1e7832711c690d2e452a',1745,,274,6,0,44 14 45 46,0,55,,273,17,0,44 14 45 46,0,105,,275,16,0,44 14 45 46,0
45000,'1f5759673f12020b0a50',1441,,255,10,0,44 14 45 46,0,215,,256,10,0,44 14 45 46,0,284,,257,10,0,44 14 45 46,0
45000,'20705f6f6c1d470f2a10',941,,260,10,0,54 55,0,290,,258,10,0,54 55,0
45000,'2f16807a52596335736c',1136,,251,10,0,44 14 45 46,0,670,,252,10,0,44 14 45 46,0,130,,253,10,0,44 14 45 46,0,121,,254,10,0,44 14 45 46,0
45000,'31744f7e5638320a2d4c',1245,,263,6,0,44 14 45 46,0,55,,262,18,0,44 14 45 46,0,106,,264,10,0,44 14 45 46,0
45000,'320823102b697f311363',941,,266,10,0,44 14 45 46,0,290,,265,10,0,44 14 45 46,0
45000,'3823594e52252d7f6b14',1441,,267,10,0,44 14 45 46,0,295,,268,10,0,44 14 45 46,0,321,,269,8,0,44 14 45 46,0
45000,'71472061383531535e0f',836,,272,10,0,44 56 57,0,420,,270,10,0,44 14 45 46,0,380,,271,10,0,44 14 45 46,0
45000,'7c40501f37807a467b28',906,,278,10,0,54 55,0,325,,276,10,0,54 55,0,210,,277,10,0,44 14 45 46,0
