45200,'0a48440163297d78712f',940,,114,17,0,63 64,0
45200,'1c1c0f437079497b5e2b',802,,376,17,0,5 6 7,0
45200,'2f16807a52596335736c',1800,,377,26,4,,0
45200,'3353402c7d4d152d3f6c',1140,,113,17,4,,0,400,,109,17,4,,0,200,,110,17,4,,0,200,,111,17,4,,0,190,,112,17,4,,0
45200,'3c0d01540a13404e161d',810,,122,17,0,63 64,0,35,,123,17,0,5 6 7,0,295,,124,17,4,,0,70,,125,17,4,,0,220,,115,17,4,,0,110,,116,17,4,,0,110,,117,17,4,,0,185,,118,17,4,,0,95,,119,17,4,,0,75,,120,17,4,,0,115,,121,17,4,,0
45200,'4b28751f494143335b4e',1340,,108,17,0,63 64,0
45200,'596c7672710a49294266',735,,107,8,0,5 69 70,0
45200,'5f04741f081f58114a4e',1140,,130,17,4,,0,400,,127,17,4,,0,200,,128,17,4,,0,200,,129,17,4,,0
45500,'112a0b7f332a564f1678',1400,,438,9,4,,0
45500,'1e386a27476c5b6e1461',736,,445,7,0,5 6 7,0
45500,'1f5759673f12020b0a50',946,,441,9,4,,0,479,,442,9,4,,0
45500,'2f16807a52596335736c',910,,439,9,4,,0,195,,440,9,4,,0
45500,'31744f7e5638320a2d4c',1400,,443,14,4,,0
45500,'65010049261f3230571f',1400,,444,9,4,,0
45600,'1e386a27476c5b6e1461',736,,459,17,0,5 6 7,0
45600,'31744f7e5638320a2d4c',1401,,458,17,0,5 6 7,0
45700,'075f4276790e1e273655',858,,463,19,0,19 20 21,0,370,,464,19,0,19 20 21,0,300,,465,19,0,19 20 21,0
45700,'1e386a27476c5b6e1461',743,,470,5,0,5 22 23 24,0
45700,'2f16807a52596335736c',858,,466,19,0,19 20 21,0,370,,467,19,0,19 20 21,0,300,,468,19,0,19 20 21,0
