45201,'072d5d513739327f2270',1232,,138,4,0,71 72,0
45201,'0a48440163297d78712f',1745,,139,8,0,68 14 15,0
45201,'1c2e3625233d01453772',825,,378,3,0,65 14 45,0
45201,'2d187024295b5f511e70',1745,,140,4,0,71 72,0
45201,'3353402c7d4d152d3f6c',750,,136,3,0,68 14 15,0,200,,137,3,0,68 14 15,0,395,,133,3,0,68 14 15,0,200,,134,3,0,68 14 15,0,410,,135,3,0,68 14 15,0
45201,'38330f282a2b4a5e2a78',1745,,379,4,0,68 14 15,0
45201,'3c57162a6f2449753f29',1745,,380,4,0,68 14 15,0
45201,'5f04741f081f58114a4e',750,,155,3,0,68 14 15,0,200,,156,3,0,68 14 15,0,395,,153,3,0,68 14 15,0,200,,154,3,0,68 14 15,0
45201,'6518496e331c2749036d',1145,,132,8,0,68 14 15,0
45201,'6e5055101e69084b3c50',1745,,131,4,0,68 14 15,0
45201,'7469295d084172605b05',555,,146,3,0,68 14 15,0,145,,149,3,0,68 14 15,0,245,,150,3,0,68 14 15,0,85,,151,3,0,68 14 15,0,192,,141,4,0,68 14 15,0,123,,142,3,0,68 14 15,0,175,,143,3,0,68 14 15,0,117,,144,4,0,68 14 15,0,98,,145,8,0,68 14 15,0,95,,147,4,0,68 14 15,0,105,,148,3,0,68 14 15,0
