45101,'06693a797f7b73176b39',1847,,343,13,0,44 14 45 46,0
45101,'0d4e3278231744213640',722,,346,12,0,44 14 45 46,0,600,,345,11,0,44 14 45 46,0,415,,347,11,0,44 14 45 46,0
45101,'184134507f4517151633',1827,,349,13,0,44 14 45 46,0
45101,'1c2e3625233d01453772',942,,351,11,0,44 14 45 46,0,595,,350,11,0,44 14 45 46,0
45101,'1e10375f42313a246a18',942,,100,11,0,44 14 45 46,0,595,,99,11,0,44 14 45 46,0
45101,'1f5759673f12020b0a50',942,,352,11,0,44 14 45 46,0
45101,'2173665b1e6d5b0e5d56',942,,85,11,0,44 14 45 46,0
45101,'22206a5130474f051002',1237,,82,11,0,44 14 45 46,0,300,,83,11,0,44 14 45 46,0
45101,'31744f7e5638320a2d4c',1248,,357,14,0,44 14 45 46,0,56,,353,14,0,44 14 45 46,0,328,,354,11,0,44 14 45 46,0,110,,355,11,0,44 14 45 46,0,75,,356,11,0,44 14 45 46,0
45101,'34470046707605410b09',1237,,358,11,0,44 14 45 46,0,300,,359,11,0,44 14 45 46,0
45101,'416039027b4e59137846',1923,,360,13,0,44 14 45 46,0
45101,'494a652c1e455e3d7c72',837,,361,11,0,44 14 45 46,0
45101,'553d275f1455102c362a',1237,,362,11,0,44 14 45 46,0,395,,363,12,0,44 14 45 46,0,120,,364,13,0,44 14 45 46,0,2,,365,13,0,44 14 45 46,0,73,,366,13,0,44 14 45 46,0
45101,'59737b0d0f044b52693e',1237,,367,11,0,44 14 45 46,0
45101,'5a622e2f735638475e4f',1237,,92,11,0,44 14 45 46,0
45101,'720e2d0f476223047d12',837,,370,11,0,44 14 45 46,0,990,,369,12,0,44 14 45 46,0
45101,'7f443a14596255477616',722,,373,12,0,44 14 45 46,0,80,,374,12,0,44 14 45 46,0,50,,375,11,0,44 14 45 46,0,470,,372,11,0,44 14 45 46,0
