45401,'02070559307629202a09',748,,184,8,0,28 22 14 15,0,460,,185,8,0,28 22 14 15,0,500,,183,8,0,28 22 14 15,0
45401,'075f4276790e1e273655',748,,416,8,0,28 22 14 15,0,460,,417,8,0,28 22 14 15,0,500,,415,8,0,28 22 14 15,0
45401,'0e5131610429337c0530',626,,418,7,0,28 29 30 31 20 32,0
45401,'184134507f4517151633',704,,420,7,0,28 22 14 15,0,539,,419,7,0,28 22 14 15,0
45401,'1c2e3625233d01453772',828,,421,7,0,28 22 14 15,0
45401,'2a08755845643968295b',704,,190,8,0,28 22 14 15,0,504,,191,8,0,28 22 14 15,0,150,,187,7,0,28 22 14 15,0,250,,188,8,0,28 22 14 15,0
45401,'31744f7e5638320a2d4c',1251,,422,9,0,28 22 14 15,0
45401,'320823102b697f311363',748,,425,7,0,28 22 14 15,0,460,,423,7,0,28 22 14 15,0,500,,424,7,0,28 22 14 15,0
45401,'39416a4548121b3b4e21',828,,196,7,0,28 22 14 15,0
45401,'416039027b4e59137846',1813,,427,9,0,28 29 30 31 20 32,0
45401,'494a652c1e455e3d7c72',1418,,428,7,0,28 22 14 15,0,190,,429,7,0,28 22 14 15,0
45401,'553d275f1455102c362a',1243,,430,7,0,28 22 14 15,0
45401,'59737b0d0f044b52693e',1758,,431,7,0,28 29 30 31 20 32,0
45401,'5a622e2f735638475e4f',1758,,189,7,0,28 29 30 31 20 32,0
45401,'7c40501f37807a467b28',704,,434,8,0,28 22 14 15,0,504,,435,8,0,28 22 14 15,0,150,,432,7,0,28 22 14 15,0,250,,433,8,0,28 22 14 15,0
45401,'7f443a14596255477616',704,,437,7,0,28 22 14 15,0,1104,,436,9,0,28 29 30 31 20 32,0
