45400,'02070559307629202a09',851,,167,7,0,19 20 21,0,476,,165,7,0,19 20 21,0,483,,166,7,0,19 20 21,0
45400,'075f4276790e1e273655',851,,391,7,0,19 20 21,0,476,,389,7,0,19 20 21,0,483,,390,7,0,19 20 21,0
45400,'0e5131610429337c0530',707,,393,7,0,5 22 23 24,0
45400,'184134507f4517151633',1237,,395,7,0,5 22 23 24,0,495,,396,7,0,5 22 23 24,0
45400,'1c2e3625233d01453772',1632,,397,7,0,5 22 23 24,0
45400,'29672110360e7e074d18',1632,,178,7,0,5 22 23 24,0
45400,'2a08755845643968295b',827,,174,7,0,19 20 21,0,380,,170,7,0,5 22 23 24,0,120,,171,7,0,19 20 21,0,405,,172,7,0,19 20 21,0
45400,'31744f7e5638320a2d4c',1259,,398,10,0,5 22 23 24,0,473,,399,7,0,5 22 23 24,0
45400,'320823102b697f311363',851,,402,7,0,5 22 23 24,0,476,,400,7,0,5 22 23 24,0,483,,401,7,0,5 22 23 24,0
45400,'416039027b4e59137846',1750,,403,9,4,,0,173,,404,6,0,5 22 23 24,0
45400,'494a652c1e455e3d7c72',827,,406,7,0,5 22 23 24,0,575,,405,7,0,5 22 23 24,0
45400,'553d275f1455102c362a',1237,,407,7,0,5 22 23 24,0,513,,408,9,0,5 22 23 24,0
45400,'59737b0d0f044b52693e',707,,409,7,0,5 22 23 24,0
45400,'5a622e2f735638475e4f',707,,173,7,0,5 22 23 24,0
45400,'7c40501f37807a467b28',827,,413,7,0,19 20 21,0,380,,410,7,0,5 22 23 24,0,120,,411,7,0,19 20 21,0,405,,412,7,0,19 20 21,0
45400,'7f443a14596255477616',707,,414,7,0,5 22 23 24,0
