45500,'112a0b7f332a564f1678',1347,,438,6,0,5 8 9 10,0
45500,'1e386a27476c5b6e1461',723,,445,4,0,5 6 7,0
45500,'1f5759673f12020b0a50',933,,441,6,0,5 8 9 10,0,479,,442,6,0,5 8 9 10,0
45500,'2f16807a52596335736c',857,,439,6,0,5 8 9 10,0,195,,440,6,0,5 8 9 10,0
45500,'31744f7e5638320a2d4c',1347,,443,11,0,5 8 9 10,0
45500,'65010049261f3230571f',1347,,444,6,0,5 8 9 10,0
45501,'1e386a27476c5b6e1461',825,,456,6,0,33 20,0
45501,'1e7832711c690d2e452a',1750,,454,3,0,34 35,0
45501,'1f5759673f12020b0a50',1237,,449,3,0,33 20,0,484,,450,3,0,33 20,0
45501,'2f16807a52596335736c',922,,447,3,0,33 20,0,315,,448,3,0,33 20,0
45501,'31744f7e5638320a2d4c',1235,,451,6,0,11 12,0,516,,452,3,0,11 12,0
45501,'59737b0d0f044b52693e',1751,,455,3,0,33 20,0
45600,'1e386a27476c5b6e1461',723,,459,14,0,5 6 7,0
45600,'1f5759673f12020b0a50',933,,457,14,0,5 22 23 24,0
45600,'31744f7e5638320a2d4c',1348,,458,14,0,5 6 7,0
45601,'1e386a27476c5b6e1461',1750,,462,6,0,26 27,0
45601,'1f5759673f12020b0a50',1235,,460,3,0,26 27,0
45601,'31744f7e5638320a2d4c',1235,,461,6,0,26 27,0
