45001,'075f4276790e1e273655',1109,,280,6,0,47 14 15,0,430,,281,7,0,47 14 15,0,285,,283,7,0,47 14 15,0
45001,'0c4d4a5702287833722f',1032,,287,6,0,47 14 15,0,507,,285,6,0,47 14 15,0,400,,286,6,0,47 14 15,0
45001,'136e6b484c454e417465',824,,46,6,0,47 14 15,0,285,,41,6,0,47 14 15,0,205,,42,6,0,47 14 15,0,225,,43,7,0,47 14 15,0,400,,45,7,0,47 14 15,0
45001,'1c2e3625233d01453772',759,,290,6,0,47 14 15,0,475,,288,6,0,47 14 15,0,695,,289,7,0,47 14 15,0
45001,'1f5759673f12020b0a50',734,,292,6,0,47 14 15,0,580,,291,6,0,47 14 15,0
45001,'20705f6f6c1d470f2a10',1109,,294,6,0,47 14 15,0,430,,295,7,0,47 14 15,0,400,,297,7,0,47 14 15,0
45001,'31744f7e5638320a2d4c',1215,,298,5,0,47 14 15,0
45001,'320823102b697f311363',1032,,301,6,0,47 14 15,0,507,,299,6,0,47 14 15,0,285,,300,6,0,47 14 15,0
45001,'3823594e52252d7f6b14',824,,303,6,0,47 14 15,0,490,,302,6,0,47 14 15,0
45001,'3a511f30370a721b2433',734,,37,6,0,47 14 15,0,375,,32,6,0,47 14 15,0,205,,33,6,0,47 14 15,0,225,,34,7,0,47 14 15,0,285,,36,7,0,47 14 15,0
45001,'494a652c1e455e3d7c72',1139,,304,6,0,47 14 15,0,295,,305,6,0,47 14 15,0,310,,306,7,0,47 14 15,0
45001,'553d275f1455102c362a',1705,,307,5,0,47 14 15,0
45001,'59737b0d0f044b52693e',649,,308,6,0,47 14 15,0
45001,'69181125652d7e4d6a80',649,,50,6,0,47 14 15,0,110,,59,6,0,47 14 15,0,350,,47,6,0,47 14 15,0,125,,57,6,0,47 14 15,0,200,,48,7,0,47 14 15,0,220,,49,7,0,47 14 15,0,275,,58,7,0,47 14 15,0
45001,'7c40501f37807a467b28',1109,,309,6,0,47 14 15,0,325,,310,7,0,47 14 15,0,220,,311,7,0,47 14 15,0
45001,'7f443a14596255477616',624,,313,6,0,47 14 15,0,21,,314,7,0,47 73 74,0,60,,312,10,0,47 60 61 62,0
