45500,'112a0b7f332a564f1678',1348,,438,7,0,5 8 9 10,0
45500,'1e386a27476c5b6e1461',724,,445,5,0,5 6 7,0
45500,'1f5759673f12020b0a50',934,,441,7,0,5 8 9 10,0,479,,442,7,0,5 8 9 10,0
45500,'2f16807a52596335736c',858,,439,7,0,5 8 9 10,0,195,,440,7,0,5 8 9 10,0
45500,'31744f7e5638320a2d4c',1348,,443,12,0,5 8 9 10,0
45500,'65010049261f3230571f',1348,,444,7,0,5 8 9 10,0
45501,'1e386a27476c5b6e1461',823,,456,5,0,33 20,0
45501,'1e7832711c690d2e452a',1748,,454,2,0,34 35,0
45501,'1f5759673f12020b0a50',1235,,449,2,0,33 20,0,484,,450,2,0,33 20,0
45501,'2f16807a52596335736c',920,,447,2,0,33 20,0,315,,448,2,0,33 20,0
45501,'31744f7e5638320a2d4c',1233,,451,5,0,11 12,0,516,,452,2,0,11 12,0
45501,'59737b0d0f044b52693e',1749,,455,2,0,33 20,0
45600,'1e386a27476c5b6e1461',724,,459,15,0,5 6 7,0
45600,'1f5759673f12020b0a50',934,,457,15,0,5 22 23 24,0
45600,'31744f7e5638320a2d4c',1349,,458,15,0,5 6 7,0
45601,'1e386a27476c5b6e1461',1749,,462,5,0,26 27,0
45601,'1f5759673f12020b0a50',1234,,460,2,0,26 27,0
45601,'31744f7e5638320a2d4c',1234,,461,5,0,26 27,0
