45100,'0e5131610429337c0530',633,,318,13,4,,0
45101,'06693a797f7b73176b39',1820,,343,1,0,44 14 45 46,0
45101,'416039027b4e59137846',1850,,360,1,0,44 14 45 46,0
45400,'0e5131610429337c0530',640,,392,1,0,5 22 23 24,0,10,,394,1,0,5 22 23 24,0
45400,'416039027b4e59137846',1855,,404,1,0,5 22 23 24,0
45401,'0e5131610429337c0530',657,,418,14,4,,0
45401,'416039027b4e59137846',1828,,426,7,4,,0,15,,427,16,4,,0
45401,'59737b0d0f044b52693e',1828,,431,14,4,,0
45401,'5a622e2f735638475e4f',1828,,189,14,4,,0
45401,'7f443a14596255477616',1838,,436,16,4,,0
