45700,'02070559307629202a09',810,,225,6,0,19 20 21,0,330,,226,6,0,19 20 21,0,300,,227,6,0,19 20 21,0
45700,'075f4276790e1e273655',809,,463,5,0,19 20 21,0,330,,464,5,0,19 20 21,0,300,,465,5,0,19 20 21,0
45700,'1c2e3625233d01453772',809,,466,5,0,19 20 21,0,330,,467,5,0,19 20 21,0,300,,468,5,0,19 20 21,0
45700,'5f3a5d635165645c1e2c',810,,230,6,0,19 20 21,0,330,,231,6,0,19 20 21,0,300,,232,6,0,19 20 21,0
45701,'02070559307629202a09',1038,,233,16,0,63 64,0,320,,234,16,0,63 64,0,462,,235,16,0,63 64,0
45701,'06693a797f7b73176b39',1820,,471,17,0,63 64,0
45701,'075f4276790e1e273655',1038,,472,17,0,63 64,0,320,,473,17,0,63 64,0,462,,474,17,0,63 64,0
45701,'1c2e3625233d01453772',1038,,475,17,0,63 64,0,320,,476,17,0,63 64,0
45701,'416039027b4e59137846',1820,,480,18,0,63 64,0
45701,'59737b0d0f044b52693e',1820,,482,17,0,63 64,0
45701,'5a622e2f735638475e4f',1820,,238,16,0,63 64,0
45701,'5f3a5d635165645c1e2c',1038,,239,16,0,63 64,0,320,,240,16,0,63 64,0
