45101,'0428793f447876305975',1845,,343,12,0,44 14 45 46,0
45101,'075f4276790e1e273655',1820,,344,10,0,44 14 45 46,0
45101,'0d4e3278231744213640',720,,346,11,0,44 14 45 46,0,600,,345,10,0,44 14 45 46,0,415,,347,10,0,44 14 45 46,0
45101,'184134507f4517151633',1700,,348,11,0,44 14 45 46,0,125,,349,12,0,44 14 45 46,0
45101,'1e386a27476c5b6e1461',720,,373,11,0,44 14 45 46,0,80,,374,11,0,44 14 45 46,0,50,,375,10,0,44 14 45 46,0,470,,372,10,0,44 14 45 46,0
45101,'1e7832711c690d2e452a',1235,,362,10,0,44 14 45 46,0,395,,363,11,0,44 14 45 46,0,120,,364,12,0,44 14 45 46,0,2,,365,12,0,44 14 45 46,0,73,,366,12,0,44 14 45 46,0
45101,'1f5759673f12020b0a50',940,,352,10,0,44 14 45 46,0
45101,'2f16807a52596335736c',940,,351,10,0,44 14 45 46,0,595,,350,10,0,44 14 45 46,0
45101,'31744f7e5638320a2d4c',1246,,357,13,0,44 14 45 46,0,56,,353,13,0,44 14 45 46,0,328,,354,10,0,44 14 45 46,0,110,,355,10,0,44 14 45 46,0,75,,356,10,0,44 14 45 46,0
45101,'34470046707605410b09',1235,,358,10,0,44 14 45 46,0,300,,359,10,0,44 14 45 46,0
45101,'416039027b4e59137846',1921,,360,12,0,44 14 45 46,0
45101,'59737b0d0f044b52693e',1235,,367,10,0,44 14 45 46,0
45101,'71472061383531535e0f',835,,361,10,0,44 14 45 46,0
45101,'720e2d0f476223047d12',835,,370,10,0,44 14 45 46,0,865,,368,11,0,44 14 45 46,0,125,,369,11,0,44 14 45 46,0
45101,'7c40501f37807a467b28',1820,,371,10,0,44 14 45 46,0
