45100,'0d4e3278231744213640',1217,,315,3,0,28 12 38,0,400,,316,3,0,28 12 38,0,295,,317,2,0,28 12 38,0
45100,'0e5131610429337c0530',557,,318,3,0,28 29 30 31 20 32,0
45100,'184134507f4517151633',832,,319,2,0,28 12 38,0
45100,'1c2e3625233d01453772',1412,,320,2,0,28 12 38,0
45100,'1e10375f42313a246a18',1412,,80,2,0,28 12 38,0
45100,'22206a5130474f051002',722,,64,2,0,28 12 38,0,390,,61,2,0,28 12 38,0,300,,62,2,0,28 12 38,0,240,,63,2,0,28 12 38,0
45100,'31744f7e5638320a2d4c',1317,,321,2,0,28 12 38,0
45100,'320823102b697f311363',822,,322,2,0,28 12 38,0
45100,'34470046707605410b09',722,,326,2,0,28 12 38,0,390,,323,2,0,28 12 38,0,300,,324,2,0,28 12 38,0,240,,325,2,0,28 12 38,0
45100,'494a652c1e455e3d7c72',1522,,327,2,0,28 12 38,0
45100,'553d275f1455102c362a',1737,,328,3,0,28 12 38,0
45100,'59737b0d0f044b52693e',722,,331,2,0,28 12 38,0,390,,329,2,0,28 12 38,0,540,,330,2,0,28 12 38,0
45100,'5a622e2f735638475e4f',722,,68,2,0,28 12 38,0,390,,66,2,0,28 12 38,0,540,,67,2,0,28 12 38,0
45100,'720e2d0f476223047d12',1522,,332,2,0,28 12 38,0
45100,'7f443a14596255477616',657,,338,2,0,39 6 40 41,0,50,,339,2,0,39 6 40 41,0,2,,340,2,0,39 6 40 41,0,43,,341,3,0,28 42 43,0,80,,342,3,0,28 42 43,0,180,,333,2,0,28 12 38,0,205,,334,3,0,28 12 38,0,400,,335,3,0,28 12 38,0,100,,336,3,0,28 12 38,0,100,,337,3,0,28 12 38,0
45101,'02070559307629202a09',1835,,84,14,0,44 14 45 46,0
45101,'06693a797f7b73176b39',1900,,343,17,0,44 14 45 46,0
45101,'075f4276790e1e273655',1835,,344,14,0,44 14 45 46,0
45101,'0d4e3278231744213640',733,,346,16,0,44 14 45 46,0,602,,345,15,0,44 14 45 46,0,415,,347,15,0,44 14 45 46,0
45101,'184134507f4517151633',1715,,348,15,0,44 14 45 46,0,125,,349,17,0,44 14 45 46,0
45101,'1c2e3625233d01453772',953,,351,15,0,44 14 45 46,0,597,,350,15,0,44 14 45 46,0
45101,'1e10375f42313a246a18',953,,100,15,0,44 14 45 46,0,597,,99,15,0,44 14 45 46,0
45101,'1f5759673f12020b0a50',953,,352,15,0,44 14 45 46,0
45101,'2173665b1e6d5b0e5d56',953,,85,15,0,44 14 45 46,0
45101,'22206a5130474f051002',1250,,82,15,0,44 14 45 46,0,300,,83,15,0,44 14 45 46,0
45101,'2a08755845643968295b',1835,,93,14,0,44 14 45 46,0
45101,'31744f7e5638320a2d4c',1303,,357,18,0,44 14 45 46,0,14,,353,18,0,44 14 45 46,0,328,,354,15,0,44 14 45 46,0,110,,355,15,0,44 14 45 46,0,75,,356,15,0,44 14 45 46,0
45101,'34470046707605410b09',1250,,358,15,0,44 14 45 46,0,300,,359,15,0,44 14 45 46,0
45101,'416039027b4e59137846',1938,,360,17,0,44 14 45 46,0
45101,'494a652c1e455e3d7c72',848,,361,15,0,44 14 45 46,0
45101,'553d275f1455102c362a',1250,,362,15,0,44 14 45 46,0,395,,363,16,0,44 14 45 46,0,160,,364,17,0,44 14 45 46,0,2,,365,17,0,44 14 45 46,0,33,,366,17,0,44 14 45 46,0
45101,'59737b0d0f044b52693e',1250,,367,15,0,44 14 45 46,0
45101,'5a622e2f735638475e4f',1250,,92,15,0,44 14 45 46,0
45101,'720e2d0f476223047d12',848,,370,15,0,44 14 45 46,0,867,,368,15,0,44 14 45 46,0,125,,369,16,0,44 14 45 46,0
45101,'7c40501f37807a467b28',1835,,371,14,0,44 14 45 46,0
45101,'7f443a14596255477616',733,,373,16,0,44 14 45 46,0,80,,374,16,0,44 14 45 46,0,92,,375,15,0,44 14 45 46,0,430,,372,15,0,44 14 45 46,0
