45201,'1128010862754b49027c',1703,,139,3,0,68 14 15,0
45201,'14625b336b2b140e0705',1100,,132,3,0,68 14 15,0
45201,'5b4c771e484537670d1c',1653,,145,3,0,68 14 15,0
45701,'06693a797f7b73176b39',1808,,471,12,0,63 64,0
45701,'075f4276790e1e273655',1027,,472,12,0,63 64,0,320,,473,12,0,63 64,0,461,,474,12,0,63 64,0
45701,'1c2e3625233d01453772',1027,,475,12,0,63 64,0,320,,476,12,0,63 64,0
45701,'3a511f30370a721b2433',1027,,233,12,0,63 64,0,320,,234,12,0,63 64,0,461,,235,12,0,63 64,0
45701,'416039027b4e59137846',1808,,480,13,0,63 64,0
45701,'59737b0d0f044b52693e',1808,,482,12,0,63 64,0
45701,'69181125652d7e4d6a80',1027,,239,12,0,63 64,0,320,,240,12,0,63 64,0,461,,238,12,0,63 64,0
