45400,'02070559307629202a09',841,,167,3,0,19 20 21,0,476,,165,3,0,19 20 21,0,483,,166,3,0,19 20 21,0
45400,'075f4276790e1e273655',839,,391,3,0,19 20 21,0,476,,389,3,0,19 20 21,0,438,,390,3,0,19 20 21,0
45400,'0e5131610429337c0530',656,,393,3,0,5 22 23 24,0
45400,'184134507f4517151633',1222,,395,3,0,5 22 23 24,0,493,,396,3,0,5 22 23 24,0
45400,'1c2e3625233d01453772',1617,,397,3,0,5 22 23 24,0
45400,'2a08755845643968295b',817,,174,3,0,19 20 21,0,335,,170,3,0,5 22 23 24,0,165,,171,3,0,19 20 21,0,405,,172,3,0,19 20 21,0
45400,'31744f7e5638320a2d4c',1245,,398,6,0,5 22 23 24,0,470,,399,3,0,5 22 23 24,0
45400,'320823102b697f311363',839,,402,3,0,5 22 23 24,0,476,,400,3,0,5 22 23 24,0,438,,401,3,0,5 22 23 24,0
45400,'39416a4548121b3b4e21',1617,,178,3,0,5 22 23 24,0
45400,'416039027b4e59137846',1732,,403,5,0,25 20,0,173,,404,2,0,5 22 23 24,0
45400,'494a652c1e455e3d7c72',815,,406,3,0,5 22 23 24,0,535,,405,3,0,5 22 23 24,0
45400,'553d275f1455102c362a',1222,,407,3,0,5 22 23 24,0,513,,408,5,0,5 22 23 24,0
45400,'59737b0d0f044b52693e',655,,409,3,0,5 22 23 24,0
45400,'5a622e2f735638475e4f',657,,173,3,0,5 22 23 24,0
45400,'7c40501f37807a467b28',815,,413,3,0,19 20 21,0,337,,410,3,0,5 22 23 24,0,163,,411,3,0,19 20 21,0,400,,412,3,0,19 20 21,0
45400,'7f443a14596255477616',655,,414,3,0,5 22 23 24,0
