45500,'112a0b7f332a564f1678',1339,,438,3,0,5 8 9 10,0
45500,'1e386a27476c5b6e1461',715,,445,1,0,5 6 7,0
45500,'1f5759673f12020b0a50',925,,441,3,0,5 8 9 10,0,479,,442,3,0,5 8 9 10,0
45500,'2f16807a52596335736c',849,,439,3,0,5 8 9 10,0,195,,440,3,0,5 8 9 10,0
45500,'31744f7e5638320a2d4c',1339,,443,8,0,5 8 9 10,0
45500,'65010049261f3230571f',1339,,444,3,0,5 8 9 10,0
45501,'1e386a27476c5b6e1461',832,,456,9,0,33 20,0
45501,'1e7832711c690d2e452a',1757,,454,5,4,,0
45501,'1f5759673f12020b0a50',1242,,449,6,0,33 20,0,485,,450,6,0,33 20,0
45501,'2f16807a52596335736c',928,,447,6,0,33 20,0,314,,448,6,0,33 20,0
45501,'31744f7e5638320a2d4c',1242,,451,9,0,11 12,0,515,,452,6,0,11 12,0
45501,'59737b0d0f044b52693e',1757,,455,6,0,33 20,0
45600,'1e386a27476c5b6e1461',715,,459,11,0,5 6 7,0
45600,'1f5759673f12020b0a50',925,,457,11,0,5 22 23 24,0
45600,'31744f7e5638320a2d4c',1340,,458,11,0,5 6 7,0
45601,'1e386a27476c5b6e1461',1757,,462,9,0,26 27,0
45601,'1f5759673f12020b0a50',1242,,460,6,0,26 27,0
45601,'31744f7e5638320a2d4c',1242,,461,9,0,26 27,0
