45200,'1128010862754b49027c',855,,114,1,0,63 64,0
45200,'14625b336b2b140e0705',1255,,108,1,0,63 64,0
45200,'1c1c0f437079497b5e2b',717,,376,1,0,5 6 7,0
45200,'1c2e3625233d01453772',1715,,377,10,0,5 8 9 10,0
45200,'2a4057132634795d2a21',1055,,113,1,0,5 8 9 10,0,400,,109,1,0,5 8 9 10,0,200,,110,1,0,5 8 9 10,0,200,,111,1,0,5 8 9 10,0,190,,112,1,0,5 8 9 10,0
45200,'53186d2a0b1d1a4d056f',1055,,130,1,0,5 8 9 10,0,400,,127,1,0,5 8 9 10,0,200,,128,1,0,5 8 9 10,0,200,,129,1,0,5 8 9 10,0
45200,'5b4c771e484537670d1c',725,,122,1,0,63 64,0,75,,123,1,0,5 6 7,0,255,,124,1,0,5 8 9 10,0,70,,125,1,0,5 8 9 10,0,220,,115,1,0,5 8 9 10,0,110,,116,1,0,5 8 9 10,0,150,,117,1,0,5 8 9 10,0,145,,118,1,0,5 8 9 10,0,95,,119,1,0,5 8 9 10,0,75,,120,1,0,5 8 9 10,0,115,,121,1,0,5 8 9 10,0
45200,'69181125652d7e4d6a80',1715,,126,10,0,5 8 9 10,0
45201,'1128010862754b49027c',1825,,139,22,4,,0
45201,'14625b336b2b140e0705',1225,,132,22,4,,0
45201,'1c2e3625233d01453772',905,,378,17,0,65 14 45,0
45201,'2a4057132634795d2a21',830,,136,17,4,,0,200,,137,17,4,,0,395,,133,17,4,,0,200,,134,17,4,,0,410,,135,17,4,,0
45201,'38330f282a2b4a5e2a78',1825,,379,18,4,,0
45201,'3c57162a6f2449753f29',1825,,380,18,4,,0
45201,'53186d2a0b1d1a4d056f',830,,155,17,4,,0,200,,156,17,4,,0,395,,153,17,4,,0,200,,154,17,4,,0
45201,'5b4c771e484537670d1c',635,,146,17,4,,0,105,,149,17,4,,0,285,,150,17,4,,0,85,,151,17,4,,0,192,,141,18,4,,0,123,,142,17,4,,0,175,,143,17,4,,0,117,,144,18,4,,0,98,,145,22,4,,0,95,,147,18,4,,0,105,,148,17,4,,0
45201,'69181125652d7e4d6a80',905,,152,17,0,65 14 45,0
45201,'6e5055101e69084b3c50',1825,,131,18,4,,0
