45101,'0428793f447876305975',1836,,343,6,0,44 14 45 46,0
45101,'075f4276790e1e273655',1808,,344,4,0,44 14 45 46,0
45101,'0d4e3278231744213640',708,,346,5,0,44 14 45 46,0,600,,345,4,0,44 14 45 46,0,415,,347,4,0,44 14 45 46,0
45101,'184134507f4517151633',1648,,348,5,0,44 14 45 46,0,168,,349,6,0,44 14 45 46,0
45101,'1e386a27476c5b6e1461',708,,373,5,0,44 14 45 46,0,40,,374,5,0,44 14 45 46,0,90,,375,4,0,44 14 45 46,0,470,,372,4,0,44 14 45 46,0
45101,'1e7832711c690d2e452a',1223,,362,4,0,44 14 45 46,0,395,,363,5,0,44 14 45 46,0,120,,364,6,0,44 14 45 46,0,2,,365,6,0,44 14 45 46,0,76,,366,6,0,44 14 45 46,0
45101,'1f5759673f12020b0a50',928,,352,4,0,44 14 45 46,0
45101,'2f16807a52596335736c',928,,351,4,0,44 14 45 46,0,595,,350,4,0,44 14 45 46,0
45101,'31744f7e5638320a2d4c',1235,,357,7,0,44 14 45 46,0,15,,353,7,0,44 14 45 46,0,368,,354,4,0,44 14 45 46,0,110,,355,4,0,44 14 45 46,0,75,,356,4,0,44 14 45 46,0
45101,'34470046707605410b09',1223,,358,4,0,44 14 45 46,0,300,,359,4,0,44 14 45 46,0
45101,'416039027b4e59137846',1911,,360,6,0,44 14 45 46,0
45101,'59737b0d0f044b52693e',1223,,367,4,0,44 14 45 46,0
45101,'71472061383531535e0f',823,,361,4,0,44 14 45 46,0
45101,'720e2d0f476223047d12',823,,370,4,0,44 14 45 46,0,825,,368,5,0,44 14 45 46,0,168,,369,5,0,44 14 45 46,0
45101,'7c40501f37807a467b28',1808,,371,4,0,44 14 45 46,0
45301,'2f16807a52596335736c',901,,385,20,0,50 51 52 53,0,324,,386,20,0,50 51 52 53,0,301,,387,20,0,50 51 52 53,0,300,,388,20,0,50 51 52 53,0
