45401,'02070559307629202a09',808,,184,14,0,28 22 14 15,0,425,,185,14,0,28 22 14 15,0,495,,183,14,0,28 22 14 15,0
45401,'075f4276790e1e273655',808,,416,14,0,28 22 14 15,0,425,,417,14,0,28 22 14 15,0,495,,415,14,0,28 22 14 15,0
45401,'0e5131610429337c0530',648,,418,13,0,28 29 30 31 20 32,0
45401,'184134507f4517151633',724,,420,13,0,28 22 14 15,0,579,,419,13,0,28 22 14 15,0
45401,'1c2e3625233d01453772',848,,421,13,0,28 22 14 15,0
45401,'1e10375f42313a246a18',848,,196,13,0,28 22 14 15,0
45401,'2a08755845643968295b',724,,190,14,0,28 22 14 15,0,509,,191,14,0,28 22 14 15,0,185,,187,13,0,28 22 14 15,0,215,,188,14,0,28 22 14 15,0
45401,'31744f7e5638320a2d4c',1316,,422,15,0,28 22 14 15,0
45401,'320823102b697f311363',808,,425,13,0,28 22 14 15,0,425,,423,13,0,28 22 14 15,0,495,,424,13,0,28 22 14 15,0
45401,'416039027b4e59137846',1833,,427,15,0,28 29 30 31 20 32,0
45401,'494a652c1e455e3d7c72',1438,,428,13,0,28 22 14 15,0,195,,429,13,0,28 22 14 15,0
45401,'553d275f1455102c362a',1303,,430,13,0,28 22 14 15,0
45401,'59737b0d0f044b52693e',1818,,431,13,0,28 29 30 31 20 32,0
45401,'5a622e2f735638475e4f',1818,,189,13,0,28 29 30 31 20 32,0
45401,'7c40501f37807a467b28',724,,434,14,0,28 22 14 15,0,509,,435,14,0,28 22 14 15,0,185,,432,13,0,28 22 14 15,0,215,,433,14,0,28 22 14 15,0
45401,'7f443a14596255477616',724,,437,13,0,28 22 14 15,0,1104,,436,15,0,28 29 30 31 20 32,0
