45001,'075f4276790e1e273655',1145,,280,15,4,,0,470,,281,16,4,,0,285,,283,16,4,,0
45001,'0c4d4a5702287833722f',1108,,287,15,4,,0,507,,285,15,4,,0,400,,286,13,4,,0
45001,'136e6b484c454e417465',900,,46,13,4,,0,245,,41,13,4,,0,205,,42,13,4,,0,265,,43,14,4,,0,400,,45,14,4,,0
45001,'1c2e3625233d01453772',835,,290,15,4,,0,475,,288,15,4,,0,695,,289,16,4,,0
45001,'1f5759673f12020b0a50',810,,292,15,4,,0,540,,291,15,4,,0
45001,'20705f6f6c1d470f2a10',1145,,294,15,4,,0,470,,295,16,4,,0,400,,297,16,4,,0
45001,'31744f7e5638320a2d4c',1258,,298,20,4,,0
45001,'320823102b697f311363',1108,,301,15,4,,0,507,,299,15,4,,0,285,,300,15,4,,0
45001,'3823594e52252d7f6b14',900,,303,15,4,,0,450,,302,15,4,,0
45001,'3a511f30370a721b2433',810,,37,13,4,,0,335,,32,13,4,,0,205,,33,13,4,,0,265,,34,14,4,,0,285,,36,14,4,,0
45001,'494a652c1e455e3d7c72',1215,,304,15,4,,0,295,,305,15,4,,0,310,,306,18,4,,0
45001,'553d275f1455102c362a',1748,,307,20,4,,0
45001,'59737b0d0f044b52693e',725,,308,13,4,,0
45001,'69181125652d7e4d6a80',725,,50,13,4,,0,110,,59,13,4,,0,310,,47,13,4,,0,165,,57,13,4,,0,200,,48,14,4,,0,220,,49,14,4,,0,275,,58,14,4,,0
45001,'7c40501f37807a467b28',1145,,309,15,4,,0,365,,310,16,4,,0,220,,311,16,4,,0
45001,'7f443a14596255477616',700,,313,13,4,,0,30,,314,20,0,47 73 74,0
