45400,'02070559307629202a09',906,,167,10,0,19 20 21,0,436,,165,10,0,19 20 21,0,483,,166,10,0,19 20 21,0
45400,'075f4276790e1e273655',906,,391,10,0,19 20 21,0,436,,389,10,0,19 20 21,0,483,,390,10,0,19 20 21,0
45400,'0e5131610429337c0530',722,,393,10,0,5 22 23 24,0
45400,'184134507f4517151633',1252,,395,10,0,5 22 23 24,0,505,,396,10,0,5 22 23 24,0
45400,'1c2e3625233d01453772',1647,,397,10,0,5 22 23 24,0
45400,'29672110360e7e074d18',1647,,178,10,0,5 22 23 24,0
45400,'2a08755845643968295b',842,,174,10,0,19 20 21,0,380,,170,10,0,5 22 23 24,0,120,,171,10,0,19 20 21,0,415,,172,10,0,19 20 21,0
45400,'31744f7e5638320a2d4c',1310,,398,13,0,5 22 23 24,0,447,,399,10,0,5 22 23 24,0
45400,'320823102b697f311363',906,,402,10,0,5 22 23 24,0,436,,400,10,0,5 22 23 24,0,483,,401,10,0,5 22 23 24,0
45400,'416039027b4e59137846',1938,,404,9,0,5 22 23 24,0
45400,'494a652c1e455e3d7c72',842,,406,10,0,5 22 23 24,0,575,,405,10,0,5 22 23 24,0
45400,'553d275f1455102c362a',1252,,407,10,0,5 22 23 24,0,553,,408,12,0,5 22 23 24,0
45400,'59737b0d0f044b52693e',722,,409,10,0,5 22 23 24,0
45400,'5a622e2f735638475e4f',722,,173,10,0,5 22 23 24,0
45400,'7c40501f37807a467b28',842,,413,10,0,19 20 21,0,380,,410,10,0,5 22 23 24,0,120,,411,10,0,19 20 21,0,415,,412,10,0,19 20 21,0
45400,'7f443a14596255477616',722,,414,10,0,5 22 23 24,0
