45200,'596c7672710a49294266',742,,107,9,4,,0
45201,'072d5d513739327f2270',1220,,138,1,0,71 72,0
45201,'63392b25066943591a58',1733,,140,1,0,71 72,0
45201,'6e5055101e69084b3c50',1733,,131,1,0,68 14 15,0
45400,'0e5131610429337c0530',737,,392,4,0,5 22 23 24,0,4,,393,14,0,5 22 23 24,0,1,,394,4,0,5 22 23 24,0
45400,'1e386a27476c5b6e1461',741,,414,14,0,5 22 23 24,0
45401,'1e386a27476c5b6e1461',1743,,436,4,0,28 29 30 31 20 32,0
45401,'31744f7e5638320a2d4c',1228,,422,4,0,28 22 14 15,0
45401,'416039027b4e59137846',1743,,426,4,0,28 29 30 31 20 32,0,5,,427,4,0,28 29 30 31 20 32,0
45500,'1e386a27476c5b6e1461',742,,445,8,0,5 6 7,0
45501,'1e386a27476c5b6e1461',810,,456,2,0,33 20,0
45501,'1e7832711c690d2e452a',1735,,454,1,0,34 35,0
45501,'31744f7e5638320a2d4c',1220,,451,2,0,11 12,0
45600,'1e386a27476c5b6e1461',742,,459,18,0,5 6 7,0
45600,'31744f7e5638320a2d4c',1407,,458,18,0,5 6 7,0
45601,'1e386a27476c5b6e1461',1735,,462,2,0,26 27,0
45601,'31744f7e5638320a2d4c',1220,,461,2,0,26 27,0
45700,'075f4276790e1e273655',856,,463,18,0,19 20 21,0,370,,464,18,0,19 20 21,0,300,,465,18,0,19 20 21,0
45700,'1e386a27476c5b6e1461',741,,470,4,0,5 22 23 24,0
45700,'2f16807a52596335736c',856,,466,18,0,19 20 21,0,370,,467,18,0,19 20 21,0,300,,468,18,0,19 20 21,0
45701,'0428793f447876305975',1732,,471,4,0,63 64,0
45701,'075f4276790e1e273655',952,,472,4,0,63 64,0,360,,473,4,0,63 64,0,420,,474,4,0,63 64,0
45701,'2f16807a52596335736c',952,,475,4,0,63 64,0,360,,476,4,0,63 64,0
45701,'31744f7e5638320a2d4c',1220,,478,3,0,66 67,0
45701,'3c2a73256541336f410c',1732,,481,4,0,36 27 31 37,0
45701,'416039027b4e59137846',1732,,479,4,0,36 27 31 37,0
45701,'59737b0d0f044b52693e',1732,,482,4,0,63 64,0
