45500,'112a0b7f332a564f1678',1341,,438,4,0,5 8 9 10,0
45500,'1e386a27476c5b6e1461',717,,445,2,0,5 6 7,0
45500,'1f5759673f12020b0a50',927,,441,4,0,5 8 9 10,0,479,,442,4,0,5 8 9 10,0
45500,'2f16807a52596335736c',851,,439,4,0,5 8 9 10,0,195,,440,4,0,5 8 9 10,0
45500,'31744f7e5638320a2d4c',1341,,443,9,0,5 8 9 10,0
45500,'65010049261f3230571f',1341,,444,4,0,5 8 9 10,0
45501,'1e386a27476c5b6e1461',830,,456,8,0,33 20,0
45501,'1e7832711c690d2e452a',1755,,453,8,0,11 12,0
45501,'1f5759673f12020b0a50',1240,,449,5,0,33 20,0,485,,450,5,0,33 20,0
45501,'2f16807a52596335736c',926,,447,5,0,33 20,0,314,,448,5,0,33 20,0
45501,'31744f7e5638320a2d4c',1240,,451,8,0,11 12,0,515,,452,5,0,11 12,0
45501,'59737b0d0f044b52693e',1755,,455,5,0,33 20,0
45600,'1e386a27476c5b6e1461',717,,459,12,0,5 6 7,0
45600,'1f5759673f12020b0a50',927,,457,12,0,5 22 23 24,0
45600,'31744f7e5638320a2d4c',1342,,458,12,0,5 6 7,0
45601,'1e386a27476c5b6e1461',1755,,462,8,0,26 27,0
45601,'1f5759673f12020b0a50',1240,,460,5,0,26 27,0
45601,'31744f7e5638320a2d4c',1240,,461,8,0,26 27,0
