45201,'072d5d513739327f2270',1242,,138,9,4,,0
45201,'0a48440163297d78712f',1755,,139,13,0,68 14 15,0
45201,'2f16807a52596335736c',835,,378,8,0,65 14 45,0
45201,'3353402c7d4d152d3f6c',800,,136,8,0,68 14 15,0,200,,137,8,0,68 14 15,0,355,,133,8,0,68 14 15,0,200,,134,8,0,68 14 15,0,450,,135,8,0,68 14 15,0
45201,'38330f282a2b4a5e2a78',1755,,379,9,0,68 14 15,0
45201,'3c0d01540a13404e161d',605,,146,8,0,68 14 15,0,105,,149,8,0,68 14 15,0,245,,150,8,0,68 14 15,0,85,,151,8,0,68 14 15,0,192,,141,9,0,68 14 15,0,123,,142,8,0,68 14 15,0,175,,143,8,0,68 14 15,0,117,,144,9,0,68 14 15,0,98,,145,13,0,68 14 15,0,95,,147,9,0,68 14 15,0,105,,148,8,0,68 14 15,0
45201,'3c57162a6f2449753f29',1755,,380,9,0,68 14 15,0
45201,'4b28751f494143335b4e',1155,,132,13,0,68 14 15,0
45201,'5f04741f081f58114a4e',800,,155,8,0,68 14 15,0,200,,156,8,0,68 14 15,0,355,,153,8,0,68 14 15,0,200,,154,8,0,68 14 15,0
45201,'63392b25066943591a58',1755,,140,9,4,,0
45201,'6e5055101e69084b3c50',1755,,131,9,0,68 14 15,0
