45000,'02070559307629202a09',955,,6,11,0,54 55,0,290,,1,11,0,54 55,0
45000,'075f4276790e1e273655',955,,247,13,0,54 55,0,290,,245,13,0,54 55,0
45000,'0c4d4a5702287833722f',955,,250,13,0,44 14 45 46,0,290,,249,13,0,44 14 45 46,0
45000,'1a20552b5a400f716a1b',955,,16,11,0,54 55,0,290,,11,11,0,54 55,0
45000,'1c2e3625233d01453772',1150,,251,13,0,44 14 45 46,0,670,,252,13,0,44 14 45 46,0,130,,253,13,0,44 14 45 46,0,159,,254,13,0,44 14 45 46,0
45000,'1f5759673f12020b0a50',1455,,255,13,0,44 14 45 46,0,255,,256,13,0,44 14 45 46,0,245,,257,13,0,44 14 45 46,0
45000,'20705f6f6c1d470f2a10',955,,260,13,0,54 55,0,290,,258,13,0,54 55,0
45000,'2a08755845643968295b',920,,20,11,0,54 55,0,325,,18,11,0,54 55,0,210,,19,11,0,44 14 45 46,0
45000,'31744f7e5638320a2d4c',1304,,263,11,0,44 14 45 46,0,11,,262,21,0,44 14 45 46,0,105,,264,13,0,44 14 45 46,0
45000,'320823102b697f311363',955,,266,13,0,44 14 45 46,0,290,,265,13,0,44 14 45 46,0
45000,'3823594e52252d7f6b14',1455,,267,13,0,44 14 45 46,0,295,,268,13,0,44 14 45 46,0,359,,269,11,0,44 14 45 46,0
45000,'49363c5c560d0d713513',1455,,2,11,0,44 14 45 46,0,255,,4,11,0,44 14 45 46,0,245,,5,11,0,44 14 45 46,0
45000,'494a652c1e455e3d7c72',850,,272,13,0,44 56 57,0,460,,270,13,0,44 14 45 46,0,340,,271,13,0,44 14 45 46,0
45000,'553d275f1455102c362a',1804,,274,11,0,44 14 45 46,0,13,,273,21,0,44 14 45 46,0,103,,275,21,0,44 14 45 46,0
45000,'5f3a5d635165645c1e2c',1150,,25,11,0,44 14 45 46,0,670,,26,11,0,44 14 45 46,0,130,,27,11,0,44 14 45 46,0,159,,28,11,0,44 14 45 46,0
45000,'657c421e081b56557239',1455,,12,11,0,44 14 45 46,0,295,,14,11,0,44 14 45 46,0,359,,15,11,0,44 14 45 46,0
45000,'7c40501f37807a467b28',920,,278,13,0,54 55,0,325,,276,13,0,54 55,0,210,,277,13,0,44 14 45 46,0
45000,'7f443a14596255477616',815,,279,21,0,44 14 45 46,0
