45100,'0d4e3278231744213640',1237,,315,9,0,28 12 38,0,400,,316,9,0,28 12 38,0,295,,317,8,0,28 12 38,0
45100,'0e5131610429337c0530',616,,318,9,0,28 29 30 31 20 32,0
45100,'184134507f4517151633',852,,319,8,0,28 12 38,0
45100,'1e386a27476c5b6e1461',716,,338,8,0,39 6 40 41,0,10,,340,8,0,39 6 40 41,0,86,,341,9,0,28 42 43,0,40,,342,9,0,28 42 43,0,180,,333,8,0,28 12 38,0,205,,334,9,0,28 12 38,0,400,,335,9,0,28 12 38,0,101,,336,9,0,28 12 38,0,99,,337,9,0,28 12 38,0
45100,'1e7832711c690d2e452a',1758,,328,9,0,28 12 38,0
45100,'2f16807a52596335736c',1433,,320,8,0,28 12 38,0
45100,'31744f7e5638320a2d4c',1337,,321,8,0,28 12 38,0
45100,'320823102b697f311363',842,,322,8,0,28 12 38,0
45100,'34470046707605410b09',742,,326,8,0,28 12 38,0,391,,323,8,0,28 12 38,0,300,,324,8,0,28 12 38,0,279,,325,8,0,28 12 38,0
45100,'59737b0d0f044b52693e',742,,331,8,0,28 12 38,0,391,,329,8,0,28 12 38,0,579,,330,8,0,28 12 38,0
45100,'71472061383531535e0f',1542,,327,8,0,28 12 38,0
45100,'720e2d0f476223047d12',1542,,332,8,0,28 12 38,0
