45700,'075f4276790e1e273655',846,,463,16,0,19 20 21,0,370,,464,16,0,19 20 21,0,300,,465,16,0,19 20 21,0
45700,'1e386a27476c5b6e1461',732,,470,2,0,5 22 23 24,0
45700,'2f16807a52596335736c',846,,466,16,0,19 20 21,0,370,,467,16,0,19 20 21,0,300,,468,16,0,19 20 21,0
45701,'0428793f447876305975',1744,,471,6,0,63 64,0
45701,'075f4276790e1e273655',1002,,472,6,0,63 64,0,320,,473,6,0,63 64,0,422,,474,6,0,63 64,0
45701,'2f16807a52596335736c',1002,,475,6,0,63 64,0,320,,476,6,0,63 64,0
45701,'31744f7e5638320a2d4c',1227,,477,6,0,36 27 31 37,0,7,,478,5,0,66 67,0
45701,'3c2a73256541336f410c',1744,,481,6,0,36 27 31 37,0
45701,'416039027b4e59137846',1744,,479,7,0,36 27 31 37,0
45701,'59737b0d0f044b52693e',1744,,482,6,0,63 64,0
