45100,'0d4e3278231744213640',1230,,315,6,0,28 12 38,0,400,,316,6,0,28 12 38,0,295,,317,5,0,28 12 38,0
45100,'0e5131610429337c0530',610,,318,6,0,28 29 30 31 20 32,0
45100,'184134507f4517151633',845,,319,5,0,28 12 38,0
45100,'1c2e3625233d01453772',1425,,320,5,0,28 12 38,0
45100,'22206a5130474f051002',733,,64,5,0,28 12 38,0,390,,61,5,0,28 12 38,0,300,,62,5,0,28 12 38,0,280,,63,5,0,28 12 38,0
45100,'2829557e4e6662246775',1423,,80,5,0,28 12 38,0
45100,'31744f7e5638320a2d4c',1330,,321,5,0,28 12 38,0
45100,'320823102b697f311363',835,,322,5,0,28 12 38,0
45100,'34470046707605410b09',735,,326,5,0,28 12 38,0,390,,323,5,0,28 12 38,0,300,,324,5,0,28 12 38,0,280,,325,5,0,28 12 38,0
45100,'494a652c1e455e3d7c72',1535,,327,5,0,28 12 38,0
45100,'553d275f1455102c362a',1750,,328,6,0,28 12 38,0
45100,'59737b0d0f044b52693e',735,,331,5,0,28 12 38,0,390,,329,5,0,28 12 38,0,580,,330,5,0,28 12 38,0
45100,'5a622e2f735638475e4f',733,,68,5,0,28 12 38,0,390,,66,5,0,28 12 38,0,580,,67,5,0,28 12 38,0
45100,'720e2d0f476223047d12',1535,,332,5,0,28 12 38,0
45100,'7f443a14596255477616',710,,338,5,0,39 6 40 41,0,10,,340,5,0,39 6 40 41,0,85,,341,6,0,28 42 43,0,40,,342,6,0,28 42 43,0,180,,333,5,0,28 12 38,0,205,,334,6,0,28 12 38,0,400,,335,6,0,28 12 38,0,100,,336,6,0,28 12 38,0,100,,337,6,0,28 12 38,0
45101,'02070559307629202a09',1824,,84,11,0,44 14 45 46,0
45101,'06693a797f7b73176b39',1849,,343,14,0,44 14 45 46,0
45101,'075f4276790e1e273655',1824,,344,11,0,44 14 45 46,0
45101,'0d4e3278231744213640',723,,346,13,0,44 14 45 46,0,601,,345,12,0,44 14 45 46,0,415,,347,12,0,44 14 45 46,0
45101,'184134507f4517151633',1704,,348,12,0,44 14 45 46,0,125,,349,14,0,44 14 45 46,0
45101,'1c2e3625233d01453772',943,,351,12,0,44 14 45 46,0,596,,350,12,0,44 14 45 46,0
45101,'1f5759673f12020b0a50',943,,352,12,0,44 14 45 46,0
45101,'22206a5130474f051002',1239,,82,12,0,44 14 45 46,0,300,,83,12,0,44 14 45 46,0
45101,'2829557e4e6662246775',944,,100,12,0,44 14 45 46,0,595,,99,12,0,44 14 45 46,0
45101,'2a08755845643968295b',1824,,93,11,0,44 14 45 46,0
45101,'31744f7e5638320a2d4c',1250,,357,15,0,44 14 45 46,0,56,,353,15,0,44 14 45 46,0,328,,354,12,0,44 14 45 46,0,110,,355,12,0,44 14 45 46,0,75,,356,12,0,44 14 45 46,0
45101,'34470046707605410b09',1239,,358,12,0,44 14 45 46,0,300,,359,12,0,44 14 45 46,0
45101,'416039027b4e59137846',1925,,360,14,0,44 14 45 46,0
45101,'494a652c1e455e3d7c72',838,,361,12,0,44 14 45 46,0
45101,'553d275f1455102c362a',1239,,362,12,0,44 14 45 46,0,395,,363,13,0,44 14 45 46,0,120,,364,14,0,44 14 45 46,0,2,,365,14,0,44 14 45 46,0,73,,366,14,0,44 14 45 46,0
45101,'59737b0d0f044b52693e',1239,,367,12,0,44 14 45 46,0
45101,'5a622e2f735638475e4f',1239,,92,12,0,44 14 45 46,0
45101,'720e2d0f476223047d12',838,,370,12,0,44 14 45 46,0,866,,368,12,0,44 14 45 46,0,125,,369,13,0,44 14 45 46,0
45101,'7c40501f37807a467b28',1824,,371,11,0,44 14 45 46,0
45101,'7e6273386a42064a2f0b',944,,85,12,0,44 14 45 46,0
45101,'7f443a14596255477616',723,,373,13,0,44 14 45 46,0,81,,374,13,0,44 14 45 46,0,50,,375,12,0,44 14 45 46,0,470,,372,12,0,44 14 45 46,0
