45401,'075f4276790e1e273655',743,,416,7,0,28 22 14 15,0,460,,417,7,0,28 22 14 15,0,500,,415,7,0,28 22 14 15,0
45401,'0e5131610429337c0530',621,,418,6,0,28 29 30 31 20 32,0
45401,'184134507f4517151633',659,,420,6,0,28 22 14 15,0,579,,419,6,0,28 22 14 15,0
45401,'1e386a27476c5b6e1461',659,,437,6,0,28 22 14 15,0,1144,,436,8,0,28 29 30 31 20 32,0
45401,'1e7832711c690d2e452a',1238,,430,6,0,28 22 14 15,0
45401,'2f16807a52596335736c',823,,421,6,0,28 22 14 15,0
45401,'31744f7e5638320a2d4c',1246,,422,8,0,28 22 14 15,0
45401,'320823102b697f311363',743,,425,6,0,28 22 14 15,0,460,,423,6,0,28 22 14 15,0,500,,424,6,0,28 22 14 15,0
45401,'416039027b4e59137846',1808,,427,8,0,28 29 30 31 20 32,0
45401,'59737b0d0f044b52693e',1753,,431,6,0,28 29 30 31 20 32,0
45401,'71472061383531535e0f',1413,,428,6,0,28 22 14 15,0,190,,429,6,0,28 22 14 15,0
45401,'7c40501f37807a467b28',659,,434,7,0,28 22 14 15,0,544,,435,7,0,28 22 14 15,0,150,,432,6,0,28 22 14 15,0,250,,433,7,0,28 22 14 15,0
