45400,'02070559307629202a09',856,,167,8,0,19 20 21,0,476,,165,8,0,19 20 21,0,483,,166,8,0,19 20 21,0
45400,'075f4276790e1e273655',856,,391,8,0,19 20 21,0,476,,389,8,0,19 20 21,0,483,,390,8,0,19 20 21,0
45400,'0e5131610429337c0530',712,,393,8,0,5 22 23 24,0
45400,'184134507f4517151633',1242,,395,8,0,5 22 23 24,0,495,,396,8,0,5 22 23 24,0
45400,'1c2e3625233d01453772',1637,,397,8,0,5 22 23 24,0
45400,'2829557e4e6662246775',1637,,178,8,0,5 22 23 24,0
45400,'2a08755845643968295b',832,,174,8,0,19 20 21,0,380,,170,8,0,5 22 23 24,0,120,,171,8,0,19 20 21,0,405,,172,8,0,19 20 21,0
45400,'31744f7e5638320a2d4c',1303,,398,11,0,5 22 23 24,0,434,,399,8,0,5 22 23 24,0
45400,'320823102b697f311363',856,,402,8,0,5 22 23 24,0,476,,400,8,0,5 22 23 24,0,483,,401,8,0,5 22 23 24,0
45400,'416039027b4e59137846',1928,,404,7,0,5 22 23 24,0
45400,'494a652c1e455e3d7c72',832,,406,8,0,5 22 23 24,0,575,,405,8,0,5 22 23 24,0
45400,'553d275f1455102c362a',1242,,407,8,0,5 22 23 24,0,513,,408,10,0,5 22 23 24,0
45400,'59737b0d0f044b52693e',712,,409,8,0,5 22 23 24,0
45400,'5a622e2f735638475e4f',712,,173,8,0,5 22 23 24,0
45400,'7c40501f37807a467b28',832,,413,8,0,19 20 21,0,380,,410,8,0,5 22 23 24,0,120,,411,8,0,19 20 21,0,405,,412,8,0,19 20 21,0
45400,'7f443a14596255477616',712,,414,8,0,5 22 23 24,0
