45201,'072d5d513739327f2270',1235,,138,7,0,71 72,0
45201,'0a48440163297d78712f',1748,,139,11,0,68 14 15,0
45201,'1c2e3625233d01453772',828,,378,6,0,65 14 45,0
45201,'2d187024295b5f511e70',1748,,140,7,0,71 72,0
45201,'3353402c7d4d152d3f6c',753,,136,6,0,68 14 15,0,200,,137,6,0,68 14 15,0,395,,133,6,0,68 14 15,0,200,,134,6,0,68 14 15,0,410,,135,6,0,68 14 15,0
45201,'38330f282a2b4a5e2a78',1748,,379,7,0,68 14 15,0
45201,'3c57162a6f2449753f29',1748,,380,7,0,68 14 15,0
45201,'5f04741f081f58114a4e',753,,155,6,0,68 14 15,0,200,,156,6,0,68 14 15,0,395,,153,6,0,68 14 15,0,200,,154,6,0,68 14 15,0
45201,'6518496e331c2749036d',1148,,132,11,0,68 14 15,0
45201,'6e5055101e69084b3c50',1748,,131,7,0,68 14 15,0
45201,'7469295d084172605b05',558,,146,6,0,68 14 15,0,145,,149,6,0,68 14 15,0,245,,150,6,0,68 14 15,0,85,,151,6,0,68 14 15,0,192,,141,7,0,68 14 15,0,123,,142,6,0,68 14 15,0,175,,143,6,0,68 14 15,0,117,,144,7,0,68 14 15,0,98,,145,11,0,68 14 15,0,95,,147,7,0,68 14 15,0,105,,148,6,0,68 14 15,0
