45101,'0428793f447876305975',1830,,343,4,0,44 14 45 46,0
45101,'075f4276790e1e273655',1805,,344,3,0,44 14 45 46,0
45101,'0d4e3278231744213640',705,,346,3,0,44 14 45 46,0,600,,345,3,0,44 14 45 46,0,415,,347,3,0,44 14 45 46,0
45101,'184134507f4517151633',1645,,348,4,0,44 14 45 46,0,165,,349,4,0,44 14 45 46,0
45101,'1e386a27476c5b6e1461',705,,373,3,0,44 14 45 46,0,40,,374,3,0,44 14 45 46,0,90,,375,3,0,44 14 45 46,0,470,,372,3,0,44 14 45 46,0
45101,'1e7832711c690d2e452a',1220,,362,3,0,44 14 45 46,0,395,,363,4,0,44 14 45 46,0,120,,364,5,0,44 14 45 46,0,2,,365,5,0,44 14 45 46,0,73,,366,4,0,44 14 45 46,0
45101,'1f5759673f12020b0a50',925,,352,3,0,44 14 45 46,0
45101,'2f16807a52596335736c',925,,351,3,0,44 14 45 46,0,595,,350,3,0,44 14 45 46,0
45101,'31744f7e5638320a2d4c',1232,,357,5,0,44 14 45 46,0,15,,353,5,0,44 14 45 46,0,368,,354,3,0,44 14 45 46,0,110,,355,3,0,44 14 45 46,0,75,,356,3,0,44 14 45 46,0
45101,'34470046707605410b09',1220,,358,3,0,44 14 45 46,0,300,,359,3,0,44 14 45 46,0
45101,'416039027b4e59137846',1905,,360,4,0,44 14 45 46,0
45101,'59737b0d0f044b52693e',1220,,367,3,0,44 14 45 46,0
45101,'71472061383531535e0f',820,,361,3,0,44 14 45 46,0
45101,'720e2d0f476223047d12',820,,370,3,0,44 14 45 46,0,825,,368,4,0,44 14 45 46,0,165,,369,4,0,44 14 45 46,0
45101,'7c40501f37807a467b28',1805,,371,3,0,44 14 45 46,0
45301,'2f16807a52596335736c',859,,385,18,0,50 51 52 53,0,364,,386,18,0,50 51 52 53,0,301,,387,18,0,50 51 52 53,0,300,,388,18,0,50 51 52 53,0
