45201,'072d5d513739327f2270',1233,,138,5,0,71 72,0
45201,'1128010862754b49027c',1746,,139,9,0,68 14 15,0
45201,'14625b336b2b140e0705',1146,,132,9,0,68 14 15,0
45201,'1c2e3625233d01453772',826,,378,4,0,65 14 45,0
45201,'2a4057132634795d2a21',751,,136,4,0,68 14 15,0,200,,137,4,0,68 14 15,0,395,,133,4,0,68 14 15,0,200,,134,4,0,68 14 15,0,410,,135,4,0,68 14 15,0
45201,'2d187024295b5f511e70',1746,,140,5,0,71 72,0
45201,'38330f282a2b4a5e2a78',1746,,379,5,0,68 14 15,0
45201,'3c57162a6f2449753f29',1746,,380,5,0,68 14 15,0
45201,'53186d2a0b1d1a4d056f',751,,155,4,0,68 14 15,0,200,,156,4,0,68 14 15,0,395,,153,4,0,68 14 15,0,200,,154,4,0,68 14 15,0
45201,'5b4c771e484537670d1c',556,,146,4,0,68 14 15,0,145,,149,4,0,68 14 15,0,245,,150,4,0,68 14 15,0,85,,151,4,0,68 14 15,0,192,,141,5,0,68 14 15,0,123,,142,4,0,68 14 15,0,175,,143,4,0,68 14 15,0,117,,144,5,0,68 14 15,0,98,,145,9,0,68 14 15,0,95,,147,5,0,68 14 15,0,105,,148,4,0,68 14 15,0
45201,'69181125652d7e4d6a80',826,,152,4,0,65 14 45,0
45201,'6e5055101e69084b3c50',1746,,131,5,0,68 14 15,0
