45001,'02070559307629202a09',1128,,32,9,0,47 14 15,0,430,,34,10,0,47 14 15,0,285,,36,10,0,47 14 15,0
45001,'075f4276790e1e273655',1128,,280,9,0,47 14 15,0,430,,281,10,0,47 14 15,0,285,,283,10,0,47 14 15,0
45001,'0c4d4a5702287833722f',1051,,287,9,0,47 14 15,0,507,,285,9,0,47 14 15,0,400,,286,9,0,47 14 15,0
45001,'1a20552b5a400f716a1b',1128,,41,9,0,47 14 15,0,430,,43,10,0,47 14 15,0,400,,45,10,0,47 14 15,0
45001,'1c2e3625233d01453772',818,,290,9,0,47 14 15,0,435,,288,9,0,47 14 15,0,695,,289,10,0,47 14 15,0
45001,'1f5759673f12020b0a50',753,,292,9,0,47 14 15,0,580,,291,9,0,47 14 15,0
45001,'20705f6f6c1d470f2a10',1128,,294,9,0,47 14 15,0,430,,295,10,0,47 14 15,0,400,,297,10,0,47 14 15,0
45001,'2173665b1e6d5b0e5d56',753,,37,9,0,47 14 15,0,580,,33,9,0,47 14 15,0
45001,'29672110360e7e074d18',818,,59,9,0,47 14 15,0,435,,57,9,0,47 14 15,0,695,,58,10,0,47 14 15,0
45001,'2a08755845643968295b',1128,,47,9,0,47 14 15,0,325,,48,10,0,47 14 15,0,260,,49,10,0,47 14 15,0
45001,'31744f7e5638320a2d4c',1230,,298,11,0,47 14 15,0
45001,'320823102b697f311363',1051,,301,9,0,47 14 15,0,507,,299,9,0,47 14 15,0,285,,300,9,0,47 14 15,0
45001,'3823594e52252d7f6b14',843,,303,9,0,47 14 15,0,490,,302,9,0,47 14 15,0
45001,'494a652c1e455e3d7c72',1158,,304,9,0,47 14 15,0,295,,305,9,0,47 14 15,0,350,,306,12,0,47 14 15,0
45001,'553d275f1455102c362a',1720,,307,11,0,47 14 15,0
45001,'59737b0d0f044b52693e',708,,308,9,0,47 14 15,0
45001,'5a622e2f735638475e4f',708,,50,9,0,47 14 15,0
45001,'765554443e157938074f',843,,46,9,0,47 14 15,0,490,,42,9,0,47 14 15,0
45001,'7c40501f37807a467b28',1128,,309,9,0,47 14 15,0,325,,310,10,0,47 14 15,0,260,,311,10,0,47 14 15,0
45001,'7f443a14596255477616',643,,313,9,0,47 14 15,0,72,,312,11,0,47 60 61 62,0
