45100,'0d4e3278231744213640',1234,,315,7,0,28 12 38,0,399,,316,7,0,28 12 38,0,295,,317,6,0,28 12 38,0
45100,'0e5131610429337c0530',613,,318,7,0,28 29 30 31 20 32,0
45100,'184134507f4517151633',848,,319,6,0,28 12 38,0
45100,'1e386a27476c5b6e1461',713,,338,6,0,39 6 40 41,0,10,,340,6,0,39 6 40 41,0,85,,341,7,0,28 42 43,0,40,,342,7,0,28 42 43,0,180,,333,6,0,28 12 38,0,206,,334,7,0,28 12 38,0,399,,335,7,0,28 12 38,0,100,,336,7,0,28 12 38,0,100,,337,7,0,28 12 38,0
45100,'1e7832711c690d2e452a',1753,,328,7,0,28 12 38,0
45100,'2f16807a52596335736c',1429,,320,6,0,28 12 38,0
45100,'31744f7e5638320a2d4c',1334,,321,6,0,28 12 38,0
45100,'320823102b697f311363',838,,322,6,0,28 12 38,0
45100,'34470046707605410b09',738,,326,6,0,28 12 38,0,391,,323,6,0,28 12 38,0,300,,324,6,0,28 12 38,0,279,,325,6,0,28 12 38,0
45100,'59737b0d0f044b52693e',738,,331,6,0,28 12 38,0,391,,329,6,0,28 12 38,0,579,,330,6,0,28 12 38,0
45100,'71472061383531535e0f',1538,,327,6,0,28 12 38,0
45100,'720e2d0f476223047d12',1538,,332,6,0,28 12 38,0
