45200,'0a48440163297d78712f',947,,114,18,0,63 64,0
45200,'1c1c0f437079497b5e2b',809,,376,18,4,,0
45200,'3c0d01540a13404e161d',817,,122,18,0,63 64,0,35,,123,18,4,,0
45200,'4b28751f494143335b4e',1352,,108,18,0,63 64,0
45400,'0e5131610429337c0530',742,,392,5,0,5 22 23 24,0,4,,393,15,0,5 22 23 24,0,1,,394,5,0,5 22 23 24,0
45400,'1e386a27476c5b6e1461',746,,414,15,0,5 22 23 24,0
45500,'1e386a27476c5b6e1461',747,,445,9,4,,0
45501,'1e386a27476c5b6e1461',800,,456,1,0,33 20,0
45501,'1e7832711c690d2e452a',1725,,453,1,0,11 12,0
45501,'31744f7e5638320a2d4c',1210,,451,1,0,11 12,0
45600,'1e386a27476c5b6e1461',747,,459,19,4,,0
45600,'31744f7e5638320a2d4c',1412,,458,19,4,,0
45601,'1e386a27476c5b6e1461',1725,,462,1,0,26 27,0
45601,'31744f7e5638320a2d4c',1210,,461,1,0,26 27,0
