45300,'1c2e3625233d01453772',715,,381,13,0,47 48 49,0,325,,382,13,0,47 48 49,0,280,,383,13,0,47 48 49,0,310,,384,13,0,47 48 49,0
45400,'075f4276790e1e273655',824,,391,1,0,19 20 21,0,476,,389,1,0,19 20 21,0,443,,390,1,0,19 20 21,0
45400,'184134507f4517151633',1210,,395,1,0,5 22 23 24,0,495,,396,1,0,5 22 23 24,0
45400,'1c2e3625233d01453772',1605,,397,1,0,5 22 23 24,0
45400,'31744f7e5638320a2d4c',1210,,398,1,0,5 22 23 24,0,495,,399,1,0,5 22 23 24,0
45400,'320823102b697f311363',824,,402,1,0,5 22 23 24,0,476,,400,1,0,5 22 23 24,0,443,,401,1,0,5 22 23 24,0
45400,'416039027b4e59137846',1700,,403,1,0,25 20,0
45400,'494a652c1e455e3d7c72',805,,406,1,0,5 22 23 24,0,535,,405,1,0,5 22 23 24,0
45400,'553d275f1455102c362a',1210,,407,1,0,5 22 23 24,0,495,,408,1,0,5 22 23 24,0
45400,'59737b0d0f044b52693e',645,,409,1,0,5 22 23 24,0
45400,'7c40501f37807a467b28',805,,413,1,0,19 20 21,0,335,,410,1,0,5 22 23 24,0,160,,411,1,0,19 20 21,0,405,,412,1,0,19 20 21,0
45400,'7f443a14596255477616',645,,414,1,0,5 22 23 24,0
45401,'075f4276790e1e273655',823,,416,16,4,,0,425,,417,16,4,,0,495,,415,16,4,,0
45401,'184134507f4517151633',749,,420,15,4,,0,569,,419,15,4,,0
45401,'1c2e3625233d01453772',903,,421,15,4,,0
45401,'31744f7e5638320a2d4c',1331,,422,18,4,,0
45401,'320823102b697f311363',823,,425,15,4,,0,425,,423,15,4,,0,495,,424,15,4,,0
45401,'494a652c1e455e3d7c72',1453,,428,15,4,,0,195,,429,15,4,,0
45401,'553d275f1455102c362a',1318,,430,15,4,,0
45401,'7c40501f37807a467b28',749,,434,16,4,,0,499,,435,16,4,,0,185,,432,15,4,,0,215,,433,16,4,,0
45401,'7f443a14596255477616',749,,437,17,4,,0
