45401,'02070559307629202a09',806,,184,13,0,28 22 14 15,0,422,,185,13,0,28 22 14 15,0,498,,183,13,0,28 22 14 15,0
45401,'075f4276790e1e273655',806,,416,13,0,28 22 14 15,0,422,,417,13,0,28 22 14 15,0,498,,415,13,0,28 22 14 15,0
45401,'0e5131610429337c0530',645,,418,12,0,28 29 30 31 20 32,0
45401,'184134507f4517151633',722,,420,12,0,28 22 14 15,0,579,,419,12,0,28 22 14 15,0
45401,'1c2e3625233d01453772',846,,421,12,0,28 22 14 15,0
45401,'2a08755845643968295b',722,,190,13,0,28 22 14 15,0,506,,191,13,0,28 22 14 15,0,188,,187,12,0,28 22 14 15,0,212,,188,13,0,28 22 14 15,0
45401,'31744f7e5638320a2d4c',1311,,422,14,0,28 22 14 15,0
45401,'320823102b697f311363',806,,425,12,0,28 22 14 15,0,422,,423,12,0,28 22 14 15,0,498,,424,12,0,28 22 14 15,0
45401,'416039027b4e59137846',1831,,427,14,0,28 29 30 31 20 32,0
45401,'494a652c1e455e3d7c72',1436,,428,12,0,28 22 14 15,0,192,,429,12,0,28 22 14 15,0
45401,'553d275f1455102c362a',1301,,430,12,0,28 22 14 15,0
45401,'59737b0d0f044b52693e',1816,,431,12,0,28 29 30 31 20 32,0
45401,'5a622e2f735638475e4f',1816,,189,12,0,28 29 30 31 20 32,0
45401,'5f3a5d635165645c1e2c',846,,196,12,0,28 22 14 15,0
45401,'7c40501f37807a467b28',722,,434,13,0,28 22 14 15,0,506,,435,13,0,28 22 14 15,0,188,,432,12,0,28 22 14 15,0,212,,433,13,0,28 22 14 15,0
45401,'7f443a14596255477616',722,,437,12,0,28 22 14 15,0,1104,,436,14,0,28 29 30 31 20 32,0
